posX0;posY0;posZ0;posVel0;rotX0;rotY0;rotZ0;rotVel0;confidence0;posX1;posY1;posZ1;posVel1;rotX1;rotY1;rotZ1;rotVel1;confidence1;posX2;posY2;posZ2;posVel2;rotX2;rotY2;rotZ2;rotVel2;confidence2;posX3;posY3;posZ3;posVel3;rotX3;rotY3;rotZ3;rotVel3;confidence3;posX4;posY4;posZ4;posVel4;rotX4;rotY4;rotZ4;rotVel4;confidence4;posX5;posY5;posZ5;posVel5;rotX5;rotY5;rotZ5;rotVel5;confidence5;posX6;posY6;posZ6;posVel6;rotX6;rotY6;rotZ6;rotVel6;confidence6;posX7;posY7;posZ7;posVel7;rotX7;rotY7;rotZ7;rotVel7;confidence7;posX8;posY8;posZ8;posVel8;rotX8;rotY8;rotZ8;rotVel8;confidence8;posX9;posY9;posZ9;posVel9;rotX9;rotY9;rotZ9;rotVel9;confidence9;posX10;posY10;posZ10;posVel10;rotX10;rotY10;rotZ10;rotVel10;confidence10;posX11;posY11;posZ11;posVel11;rotX11;rotY11;rotZ11;rotVel11;confidence11;posX12;posY12;posZ12;posVel12;rotX12;rotY12;rotZ12;rotVel12;confidence12;posX13;posY13;posZ13;posVel13;rotX13;rotY13;rotZ13;rotVel13;confidence13;posX14;posY14;posZ14;posVel14;rotX14;rotY14;rotZ14;rotVel14;confidence14;posX15;posY15;posZ15;posVel15;rotX15;rotY15;rotZ15;rotVel15;confidence15;posX16;posY16;posZ16;posVel16;rotX16;rotY16;rotZ16;rotVel16;confidence16;posX17;posY17;posZ17;posVel17;rotX17;rotY17;rotZ17;rotVel17;confidence17;posX18;posY18;posZ18;posVel18;rotX18;rotY18;rotZ18;rotVel18;confidence18;posX19;posY19;posZ19;posVel19;rotX19;rotY19;rotZ19;rotVel19;confidence19;posX20;posY20;posZ20;posVel20;rotX20;rotY20;rotZ20;rotVel20;confidence20;posX21;posY21;posZ21;posVel21;rotX21;rotY21;rotZ21;rotVel21;confidence21;posX22;posY22;posZ22;posVel22;rotX22;rotY22;rotZ22;rotVel22;confidence22;posX23;posY23;posZ23;posVel23;rotX23;rotY23;rotZ23;rotVel23;confidence23;posX24;posY24;posZ24;posVel24;rotX24;rotY24;rotZ24;rotVel24;confidence24;posX25;posY25;posZ25;posVel25;rotX25;rotY25;rotZ25;rotVel25;confidence25;posX26;posY26;posZ26;posVel26;rotX26;rotY26;rotZ26;rotVel26;confidence26;posX27;posY27;posZ27;posVel27;rotX27;rotY27;rotZ27;rotVel27;confidence27;posX28;posY28;posZ28;posVel28;rotX28;rotY28;rotZ28;rotVel28;confidence28;posX29;posY29;posZ29;posVel29;rotX29;rotY29;rotZ29;rotVel29;confidence29;posX30;posY30;posZ30;posVel30;rotX30;rotY30;rotZ30;rotVel30;confidence30;posX31;posY31;posZ31;posVel31;rotX31;rotY31;rotZ31;rotVel31;confidence31;TimeStamp
0.000000;-150.000000;2000.000000;0.000000;0.000000;0.000000;0.000000;0.000000;2.000000;0.607910;-340.485229;1997.670654;0.000000;0.000000;0.000000;0.000000;0.000000;2.000000;-5.677612;-492.496399;1990.806641;0.000000;0.000000;0.000000;0.000000;0.000000;2.000000;-5.573608;-724.291992;1994.406982;0.000000;0.000000;0.000000;0.000000;0.000000;2.000000;20.475342;-686.684692;1968.982910;0.000000;0.000000;0.000000;0.000000;0.000000;2.000000;121.784912;-641.905579;1863.952881;0.000000;0.000000;0.000000;0.000000;0.000000;2.000000;248.929321;-376.364807;1844.140015;0.000000;0.000000;0.000000;0.000000;0.000000;2.000000;254.031372;-137.092422;1780.435181;0.000000;0.000000;0.000000;0.000000;0.000000;2.000000;287.088501;-42.067810;1759.228882;0.000000;0.000000;0.000000;0.000000;0.000000;0.000000;320.926392;66.528397;1739.880737;0.000000;0.000000;0.000000;0.000000;0.000000;0.000000;252.365845;-3.187347;1792.281494;0.000000;0.000000;0.000000;0.000000;0.000000;0.000000;-29.978149;-685.275452;2020.131226;0.000000;0.000000;0.000000;0.000000;0.000000;2.000000;-126.631592;-634.880371;2108.663330;0.000000;0.000000;0.000000;0.000000;0.000000;2.000000;-191.998047;-347.890564;2169.981445;0.000000;0.000000;0.000000;0.000000;0.000000;2.000000;-294.885498;-129.343201;2102.531250;0.000000;0.000000;0.000000;0.000000;0.000000;2.000000;-314.369690;-24.169830;2073.974121;0.000000;0.000000;0.000000;0.000000;0.000000;2.000000;-257.191406;41.016380;2147.072266;0.000000;0.000000;0.000000;0.000000;0.000000;2.000000;-310.300598;-14.907112;2052.568359;0.000000;0.000000;0.000000;0.000000;0.000000;2.000000;57.874512;-148.857971;1921.712891;0.000000;0.000000;0.000000;0.000000;0.000000;2.000000;-20.317017;263.077545;1838.464478;0.000000;0.000000;0.000000;0.000000;0.000000;2.000000;120.923828;621.544800;1974.304810;0.000000;0.000000;0.000000;0.000000;0.000000;2.000000;45.871338;761.697449;1852.895630;0.000000;0.000000;0.000000;0.000000;0.000000;2.000000;-52.188110;-151.029800;2070.594971;0.000000;0.000000;0.000000;0.000000;0.000000;2.000000;24.703125;266.656097;2114.958984;0.000000;0.000000;0.000000;0.000000;0.000000;2.000000;124.659058;662.776672;2174.352295;0.000000;0.000000;0.000000;0.000000;0.000000;2.000000;10.121338;752.756775;2061.844971;0.000000;0.000000;0.000000;0.000000;0.000000;2.000000;-15.729614;-810.484009;1985.691284;0.000000;0.000000;0.000000;0.000000;0.000000;2.000000;-126.590332;-840.081543;1858.119507;0.000000;0.000000;0.000000;0.000000;0.000000;2.000000;-84.782959;-881.616699;1868.071411;0.000000;0.000000;0.000000;0.000000;0.000000;2.000000;40.226929;-881.707031;1919.999512;0.000000;0.000000;0.000000;0.000000;0.000000;2.000000;-129.491577;-874.985901;1900.842651;0.000000;0.000000;0.000000;0.000000;0.000000;2.000000;-93.476440;-874.816711;2036.030884;0.000000;0.000000;0.000000;0.000000;0.000000;2.000000;4721733120.000000
0.000000;-150.000000;2000.000000;0.000000;0.000000;0.000000;0.000000;0.000000;2.000000;1.955078;-340.306976;1998.023560;0.041548;0.000000;0.000000;0.000000;0.000000;2.000000;-5.035156;-492.121063;1990.573242;0.023077;0.000000;0.000000;0.000000;0.000000;2.000000;-4.669800;-723.711182;1993.801392;0.036496;0.000000;0.000000;0.000000;0.000000;2.000000;21.011963;-686.073120;1968.148071;0.034497;0.000000;0.000000;0.000000;0.000000;2.000000;119.242676;-634.470337;1863.526733;0.232877;0.000000;0.000000;0.000000;0.000000;2.000000;247.302734;-369.684753;1843.496582;0.204347;0.000000;0.000000;0.000000;0.000000;2.000000;263.193115;-130.445480;1782.371704;0.339827;0.000000;0.000000;0.000000;0.000000;2.000000;290.360107;-35.544243;1753.934937;0.266805;0.000000;0.000000;0.000000;0.000000;0.000000;342.017944;67.104759;1744.826782;0.641317;0.000000;0.000000;0.000000;0.000000;0.000000;252.356323;0.995827;1774.737915;0.533719;0.000000;0.000000;0.000000;0.000000;2.000000;-28.776978;-684.794067;2019.856323;0.039149;0.000000;0.000000;0.000000;0.000000;2.000000;-122.578369;-628.730225;2107.843750;0.219316;0.000000;0.000000;0.000000;0.000000;2.000000;-197.880371;-343.967285;2166.761230;0.229918;0.000000;0.000000;0.000000;0.000000;2.000000;-317.916626;-132.814774;2105.198975;0.693761;0.000000;0.000000;0.000000;0.000000;2.000000;-341.977417;-36.164818;2057.093262;1.021286;0.000000;0.000000;0.000000;0.000000;2.000000;-300.390930;48.536343;2119.821777;1.527785;0.000000;0.000000;0.000000;0.000000;2.000000;-318.074768;-6.284058;2053.224121;0.344123;0.000000;0.000000;0.000000;0.000000;2.000000;55.076050;-148.601608;1919.830933;0.100087;0.000000;0.000000;0.000000;0.000000;2.000000;-38.734253;262.403625;1851.439941;0.666995;0.000000;0.000000;0.000000;0.000000;2.000000;75.009521;644.424927;1939.298340;1.837872;0.000000;0.000000;0.000000;0.000000;2.000000;-28.966431;767.773315;1821.326660;2.410353;0.000000;0.000000;0.000000;0.000000;2.000000;-49.664429;-151.260971;2072.291992;0.090257;0.000000;0.000000;0.000000;0.000000;2.000000;29.767578;265.547455;2116.698242;0.161824;0.000000;0.000000;0.000000;0.000000;2.000000;136.560547;659.633545;2175.110107;0.364963;0.000000;0.000000;0.000000;0.000000;2.000000;23.380371;756.310913;2067.149902;0.435503;0.000000;0.000000;0.000000;0.000000;2.000000;-14.839478;-809.820679;1985.080078;0.037501;0.000000;0.000000;0.000000;0.000000;2.000000;-132.789917;-824.173340;1861.512939;0.515137;0.000000;0.000000;0.000000;0.000000;2.000000;-94.039063;-869.205200;1867.519287;0.458474;0.000000;0.000000;0.000000;0.000000;2.000000;32.512573;-881.545044;1913.596558;0.296719;0.000000;0.000000;0.000000;0.000000;2.000000;-136.645996;-860.890503;1902.542847;0.470476;0.000000;0.000000;0.000000;0.000000;2.000000;-95.173706;-870.486572;2035.679443;0.138025;0.000000;0.000000;0.000000;0.000000;2.000000;4721766912.000000
0.000000;-150.000000;2000.000000;0.000000;0.000000;0.000000;0.000000;0.000000;2.000000;1.684448;-340.424072;1996.363159;0.050673;0.000000;0.000000;0.000000;0.000000;2.000000;-5.543457;-492.267059;1987.578857;0.091368;0.000000;0.000000;0.000000;0.000000;2.000000;-5.112061;-724.007446;1991.953247;0.057791;0.000000;0.000000;0.000000;0.000000;2.000000;20.416382;-686.465088;1965.931396;0.069968;0.000000;0.000000;0.000000;0.000000;2.000000;119.022217;-636.445435;1860.733154;0.103016;0.000000;0.000000;0.000000;0.000000;2.000000;244.267334;-369.690063;1846.800537;0.134814;0.000000;0.000000;0.000000;0.000000;2.000000;258.671143;-128.983841;1790.527466;0.283634;0.000000;0.000000;0.000000;0.000000;2.000000;294.142822;-32.820320;1782.609985;0.872940;0.000000;0.000000;0.000000;0.000000;0.000000;332.992676;75.773628;1780.213745;1.127841;0.000000;0.000000;0.000000;0.000000;0.000000;247.252319;6.757080;1785.451416;0.396386;0.000000;0.000000;0.000000;0.000000;2.000000;-29.077515;-684.937256;2017.987671;0.057033;0.000000;0.000000;0.000000;0.000000;2.000000;-122.700195;-629.502075;2106.724121;0.041026;0.000000;0.000000;0.000000;0.000000;2.000000;-203.000366;-345.430634;2163.457764;0.188295;0.000000;0.000000;0.000000;0.000000;2.000000;-325.925110;-136.079269;2100.710449;0.292779;0.000000;0.000000;0.000000;0.000000;2.000000;-359.560669;-42.596207;2051.907227;0.583760;0.000000;0.000000;0.000000;0.000000;2.000000;-310.452759;16.409447;2135.358398;1.114117;0.000000;0.000000;0.000000;0.000000;2.000000;-359.250366;-37.384247;2033.720825;1.657562;0.000000;0.000000;0.000000;0.000000;2.000000;55.084839;-147.980331;1919.764038;0.018778;0.000000;0.000000;0.000000;0.000000;2.000000;-49.915283;260.909882;1853.031006;0.342308;0.000000;0.000000;0.000000;0.000000;2.000000;32.919678;655.280273;1919.744995;1.432171;0.000000;0.000000;0.000000;0.000000;2.000000;-79.159790;773.752563;1803.969604;1.605926;0.000000;0.000000;0.000000;0.000000;2.000000;-49.672485;-151.821213;2072.352051;0.016932;0.000000;0.000000;0.000000;0.000000;2.000000;33.179932;264.288391;2119.942383;0.146448;0.000000;0.000000;0.000000;0.000000;2.000000;143.656006;657.189209;2181.530273;0.296760;0.000000;0.000000;0.000000;0.000000;2.000000;30.430054;758.533569;2077.750488;0.388319;0.000000;0.000000;0.000000;0.000000;2.000000;-15.328125;-810.223511;1983.717041;0.045161;0.000000;0.000000;0.000000;0.000000;2.000000;-137.458740;-830.486328;1864.958496;0.257650;0.000000;0.000000;0.000000;0.000000;2.000000;-95.515015;-872.907593;1868.413330;0.122740;0.000000;0.000000;0.000000;0.000000;2.000000;33.577759;-877.400024;1908.815186;0.192817;0.000000;0.000000;0.000000;0.000000;2.000000;-137.032349;-868.094116;1905.410767;0.233267;0.000000;0.000000;0.000000;0.000000;2.000000;-89.158447;-877.099121;2036.532593;0.269826;0.000000;0.000000;0.000000;0.000000;2.000000;4721800192.000000
0.000000;-150.000000;2000.000000;0.000000;0.000000;0.000000;0.000000;0.000000;2.000000;4.333862;-339.397522;1992.777344;0.137472;0.000000;0.000000;0.000000;0.000000;2.000000;-2.681763;-490.317810;1980.717529;0.230934;0.000000;0.000000;0.000000;0.000000;2.000000;-1.883057;-721.017639;1982.637451;0.309582;0.000000;0.000000;0.000000;0.000000;2.000000;23.203247;-683.340393;1956.867798;0.299998;0.000000;0.000000;0.000000;0.000000;2.000000;118.453613;-631.937195;1850.276611;0.342583;0.000000;0.000000;0.000000;0.000000;2.000000;242.936279;-366.116333;1841.419434;0.198180;0.000000;0.000000;0.000000;0.000000;2.000000;249.947632;-124.903961;1791.271606;0.290238;0.000000;0.000000;0.000000;0.000000;2.000000;278.875244;-26.751900;1791.610352;0.562895;0.000000;0.000000;0.000000;0.000000;2.000000;306.263428;84.757095;1790.948120;0.906627;0.000000;0.000000;0.000000;0.000000;0.000000;243.287964;4.893074;1785.341797;0.131673;0.000000;0.000000;0.000000;0.000000;2.000000;-25.520386;-682.439270;2009.206787;0.294405;0.000000;0.000000;0.000000;0.000000;2.000000;-115.760254;-628.298340;2101.162598;0.269668;0.000000;0.000000;0.000000;0.000000;2.000000;-196.344482;-346.099182;2159.460938;0.234148;0.000000;0.000000;0.000000;0.000000;2.000000;-311.234009;-137.425674;2084.957031;0.648518;0.000000;0.000000;0.000000;0.000000;2.000000;-353.081360;-45.644272;2040.640137;0.401138;0.000000;0.000000;0.000000;0.000000;2.000000;-306.786682;4.788651;2130.372559;0.395611;0.000000;0.000000;0.000000;0.000000;2.000000;-350.713440;-37.796440;2021.515625;0.447722;0.000000;0.000000;0.000000;0.000000;2.000000;49.937256;-145.694992;1917.075439;0.187527;0.000000;0.000000;0.000000;0.000000;2.000000;-54.045776;263.441833;1864.376709;0.370697;0.000000;0.000000;0.000000;0.000000;2.000000;-28.826050;668.072815;1894.994995;2.035465;0.000000;0.000000;0.000000;0.000000;2.000000;-162.348022;756.785278;1776.952393;2.677164;0.000000;0.000000;0.000000;0.000000;2.000000;-45.030518;-153.882004;2074.776611;0.169107;0.000000;0.000000;0.000000;0.000000;2.000000;34.638916;261.426453;2116.786865;0.135305;0.000000;0.000000;0.000000;0.000000;2.000000;170.132935;644.155518;2179.680176;0.888493;0.000000;0.000000;0.000000;0.000000;2.000000;32.799194;745.853943;2113.762207;1.149405;0.000000;0.000000;0.000000;0.000000;2.000000;-12.016235;-806.759155;1973.642456;0.335232;0.000000;0.000000;0.000000;0.000000;2.000000;-135.743896;-818.424744;1856.536987;0.445020;0.000000;0.000000;0.000000;0.000000;2.000000;-94.528198;-861.308228;1856.801025;0.494074;0.000000;0.000000;0.000000;0.000000;2.000000;34.527344;-869.765320;1894.502563;0.488262;0.000000;0.000000;0.000000;0.000000;2.000000;-135.182495;-858.152039;1894.539063;0.446152;0.000000;0.000000;0.000000;0.000000;2.000000;-85.552490;-875.342468;2023.483276;0.410212;0.000000;0.000000;0.000000;0.000000;2.000000;4721833472.000000
0.000000;-150.000000;2000.000000;0.000000;0.000000;0.000000;0.000000;0.000000;2.000000;4.931885;-337.935242;1990.844604;0.075008;0.000000;0.000000;0.000000;0.000000;2.000000;-0.510864;-487.812439;1978.601318;0.118177;0.000000;0.000000;0.000000;0.000000;2.000000;-3.075806;-716.849487;1979.039795;0.169284;0.000000;0.000000;0.000000;0.000000;2.000000;21.977173;-679.645081;1953.304199;0.158595;0.000000;0.000000;0.000000;0.000000;2.000000;114.448242;-632.306030;1843.968140;0.224811;0.000000;0.000000;0.000000;0.000000;2.000000;238.905884;-368.667328;1846.305542;0.205177;0.000000;0.000000;0.000000;0.000000;2.000000;241.202026;-127.922791;1802.550903;0.438353;0.000000;0.000000;0.000000;0.000000;2.000000;263.182129;-29.108765;1811.124634;0.755777;0.000000;0.000000;0.000000;0.000000;2.000000;295.491699;77.939949;1788.927612;0.387825;0.000000;0.000000;0.000000;0.000000;1.000000;246.563110;6.268417;1802.426880;0.524352;0.000000;0.000000;0.000000;0.000000;2.000000;-25.558594;-678.382080;2006.027344;0.154889;0.000000;0.000000;0.000000;0.000000;2.000000;-110.249756;-627.155762;2103.259277;0.180456;0.000000;0.000000;0.000000;0.000000;2.000000;-192.029053;-347.677826;2162.007324;0.157857;0.000000;0.000000;0.000000;0.000000;2.000000;-304.653015;-140.730392;2085.249268;0.221453;0.000000;0.000000;0.000000;0.000000;2.000000;-348.343384;-51.989609;2038.543091;0.246155;0.000000;0.000000;0.000000;0.000000;2.000000;-293.280212;-5.105026;2124.135742;0.536850;0.000000;0.000000;0.000000;0.000000;2.000000;-344.624695;-44.544296;2016.692749;0.309169;0.000000;0.000000;0.000000;0.000000;2.000000;44.787598;-144.685272;1915.028564;0.169254;0.000000;0.000000;0.000000;0.000000;2.000000;-52.981445;264.882324;1882.058228;0.534014;0.000000;0.000000;0.000000;0.000000;2.000000;-100.376709;665.728027;1878.973022;2.204329;0.000000;0.000000;0.000000;0.000000;2.000000;-247.806030;730.771118;1764.523682;2.710043;0.000000;0.000000;0.000000;0.000000;2.000000;-40.386841;-154.792526;2076.622559;0.152626;0.000000;0.000000;0.000000;0.000000;2.000000;31.327271;258.113098;2125.343262;0.293115;0.000000;0.000000;0.000000;0.000000;2.000000;210.015869;614.601929;2211.164063;1.766280;0.000000;0.000000;0.000000;0.000000;2.000000;100.088379;754.542419;2173.738525;2.721049;0.000000;0.000000;0.000000;0.000000;2.000000;-14.532593;-801.757385;1969.728394;0.205274;0.000000;0.000000;0.000000;0.000000;2.000000;-131.032715;-830.236023;1849.905396;0.430935;0.000000;0.000000;0.000000;0.000000;2.000000;-87.740234;-870.025146;1855.359009;0.334791;0.000000;0.000000;0.000000;0.000000;2.000000;38.813232;-867.408264;1898.553711;0.190838;0.000000;0.000000;0.000000;0.000000;2.000000;-129.888428;-866.417114;1890.759888;0.316035;0.000000;0.000000;0.000000;0.000000;2.000000;-85.606445;-870.074219;2021.654663;0.167573;0.000000;0.000000;0.000000;0.000000;2.000000;4721866752.000000
0.000000;-150.000000;2000.000000;0.000000;0.000000;0.000000;0.000000;0.000000;2.000000;1.025391;-339.571655;1991.041138;0.127402;0.000000;0.000000;0.000000;0.000000;2.000000;-7.713379;-490.597717;1979.415405;0.233326;0.000000;0.000000;0.000000;0.000000;2.000000;-5.236938;-721.533264;1980.996338;0.165773;0.000000;0.000000;0.000000;0.000000;2.000000;18.687988;-683.612305;1954.381714;0.158199;0.000000;0.000000;0.000000;0.000000;2.000000;108.852661;-642.939270;1838.875488;0.392138;0.000000;0.000000;0.000000;0.000000;2.000000;225.939331;-373.319031;1842.606567;0.428596;0.000000;0.000000;0.000000;0.000000;2.000000;228.852051;-129.591156;1804.335571;0.378284;0.000000;0.000000;0.000000;0.000000;2.000000;240.190796;-28.853676;1819.045654;0.730736;0.000000;0.000000;0.000000;0.000000;2.000000;242.012695;82.616852;1847.042603;2.377263;0.000000;0.000000;0.000000;0.000000;2.000000;218.802856;4.907486;1812.719116;0.890566;0.000000;0.000000;0.000000;0.000000;2.000000;-28.216309;-683.110046;2008.462891;0.178651;0.000000;0.000000;0.000000;0.000000;2.000000;-111.864990;-641.396545;2112.552734;0.513266;0.000000;0.000000;0.000000;0.000000;2.000000;-188.091675;-356.154419;2163.006348;0.282442;0.000000;0.000000;0.000000;0.000000;2.000000;-303.410706;-148.359406;2085.869141;0.233002;0.000000;0.000000;0.000000;0.000000;2.000000;-353.459106;-61.950134;2039.035034;0.336786;0.000000;0.000000;0.000000;0.000000;2.000000;-303.163574;-1.549301;2120.200195;0.337038;0.000000;0.000000;0.000000;0.000000;2.000000;-349.350952;-49.085922;2020.006592;0.220696;0.000000;0.000000;0.000000;0.000000;2.000000;41.197144;-145.632294;1912.293823;0.138570;0.000000;0.000000;0.000000;0.000000;2.000000;-73.745605;264.050934;1894.550049;0.728557;0.000000;0.000000;0.000000;0.000000;2.000000;-157.797852;662.277222;1893.179932;1.780442;0.000000;0.000000;0.000000;0.000000;2.000000;-315.000671;705.364136;1778.519409;2.199165;0.000000;0.000000;0.000000;0.000000;2.000000;-37.149292;-153.938568;2079.088623;0.124952;0.000000;0.000000;0.000000;0.000000;2.000000;34.847412;262.450684;2128.214111;0.188724;0.000000;0.000000;0.000000;0.000000;2.000000;274.375977;563.242432;2274.175293;3.115514;0.000000;0.000000;0.000000;0.000000;2.000000;190.014526;724.747131;2253.706055;3.725147;0.000000;0.000000;0.000000;0.000000;2.000000;-15.093506;-807.424866;1972.238892;0.187018;0.000000;0.000000;0.000000;0.000000;2.000000;-128.135986;-817.494141;1844.409912;0.425949;0.000000;0.000000;0.000000;0.000000;2.000000;-92.052002;-864.165527;1852.475098;0.235151;0.000000;0.000000;0.000000;0.000000;2.000000;31.387329;-882.081482;1903.744873;0.518184;0.000000;0.000000;0.000000;0.000000;2.000000;-135.466064;-853.350891;1885.516113;0.455041;0.000000;0.000000;0.000000;0.000000;2.000000;-100.103149;-863.256958;2019.969727;0.484015;0.000000;0.000000;0.000000;0.000000;2.000000;4721900032.000000
0.000000;-150.000000;2000.000000;0.000000;0.000000;0.000000;0.000000;0.000000;2.000000;1.613892;-338.986847;1993.045776;0.065191;0.000000;0.000000;0.000000;0.000000;2.000000;-1.952026;-489.937256;1985.253052;0.247249;0.000000;0.000000;0.000000;0.000000;2.000000;-7.363159;-719.753845;1974.203735;0.220453;0.000000;0.000000;0.000000;0.000000;2.000000;16.363892;-681.313110;1948.530884;0.201389;0.000000;0.000000;0.000000;0.000000;2.000000;104.990479;-641.189087;1832.343994;0.233989;0.000000;0.000000;0.000000;0.000000;2.000000;221.418335;-372.502319;1840.484375;0.152063;0.000000;0.000000;0.000000;0.000000;2.000000;222.654663;-128.757736;1808.266724;0.221942;0.000000;0.000000;0.000000;0.000000;2.000000;234.394287;-28.368820;1822.546143;0.203991;0.000000;0.000000;0.000000;0.000000;2.000000;234.655884;81.268967;1855.711792;0.344040;0.000000;0.000000;0.000000;0.000000;2.000000;215.664673;4.068214;1827.738403;0.461736;0.000000;0.000000;0.000000;0.000000;2.000000;-27.475342;-682.352722;2004.800415;0.114563;0.000000;0.000000;0.000000;0.000000;2.000000;-107.727905;-649.136353;2113.847656;0.266560;0.000000;0.000000;0.000000;0.000000;2.000000;-178.004761;-364.618988;2170.442871;0.454409;0.000000;0.000000;0.000000;0.000000;2.000000;-289.034729;-156.919586;2089.669189;0.515555;0.000000;0.000000;0.000000;0.000000;2.000000;-343.693542;-72.122818;2046.060547;0.473396;0.000000;0.000000;0.000000;0.000000;2.000000;-295.259705;-8.707787;2125.490723;0.357692;0.000000;0.000000;0.000000;0.000000;2.000000;-334.534912;-55.662659;2022.030518;0.490865;0.000000;0.000000;0.000000;0.000000;2.000000;40.437134;-146.426743;1912.279053;0.033039;0.000000;0.000000;0.000000;0.000000;2.000000;-85.540527;258.447937;1894.799194;0.392442;0.000000;0.000000;0.000000;0.000000;2.000000;-185.934570;651.338501;1887.652100;0.922181;0.000000;0.000000;0.000000;0.000000;2.000000;-349.799683;700.145264;1786.633423;1.085083;0.000000;0.000000;0.000000;0.000000;2.000000;-36.463989;-153.222168;2079.102051;0.029792;0.000000;0.000000;0.000000;0.000000;2.000000;37.788940;261.586731;2125.276367;0.127587;0.000000;0.000000;0.000000;0.000000;2.000000;199.703125;634.743713;2175.373779;4.297002;0.000000;0.000000;0.000000;0.000000;2.000000;87.678223;778.719666;2165.079590;4.379233;0.000000;0.000000;0.000000;0.000000;2.000000;-20.577148;-804.367615;1961.384644;0.376779;0.000000;0.000000;0.000000;0.000000;2.000000;-139.772095;-825.877319;1841.610352;0.439066;0.000000;0.000000;0.000000;0.000000;2.000000;-101.507935;-870.441406;1850.003418;0.349011;0.000000;0.000000;0.000000;0.000000;2.000000;24.843750;-880.645935;1894.621948;0.340097;0.000000;0.000000;0.000000;0.000000;2.000000;-143.238281;-859.502930;1884.799316;0.298625;0.000000;0.000000;0.000000;0.000000;2.000000;-100.052856;-860.460266;2016.802124;0.126978;0.000000;0.000000;0.000000;0.000000;2.000000;4721933312.000000
0.000000;-150.000000;2000.000000;0.000000;0.000000;0.000000;0.000000;0.000000;2.000000;6.224243;-338.713135;1985.640747;0.262237;0.000000;0.000000;0.000000;0.000000;2.000000;1.905640;-489.295471;1970.684692;0.453249;0.000000;0.000000;0.000000;0.000000;2.000000;7.797241;-719.470642;1961.416748;0.596002;0.000000;0.000000;0.000000;0.000000;2.000000;28.827026;-680.057068;1934.754028;0.559499;0.000000;0.000000;0.000000;0.000000;2.000000;108.445068;-632.117249;1814.817017;0.602033;0.000000;0.000000;0.000000;0.000000;2.000000;216.406860;-359.778595;1829.225220;0.532264;0.000000;0.000000;0.000000;0.000000;2.000000;203.505371;-115.311157;1803.277344;0.718897;0.000000;0.000000;0.000000;0.000000;2.000000;227.378296;-17.997055;1823.429443;0.377194;0.000000;0.000000;0.000000;0.000000;2.000000;244.319214;86.958435;1866.453369;0.466599;0.000000;0.000000;0.000000;0.000000;2.000000;199.758667;14.181446;1826.938721;0.566881;0.000000;0.000000;0.000000;0.000000;2.000000;-13.311768;-682.821045;1992.363159;0.566557;0.000000;0.000000;0.000000;0.000000;2.000000;-93.834839;-647.451660;2100.757324;0.575805;0.000000;0.000000;0.000000;0.000000;2.000000;-154.681152;-361.569702;2163.102539;0.740409;0.000000;0.000000;0.000000;0.000000;2.000000;-264.980530;-150.240875;2090.148438;0.750263;0.000000;0.000000;0.000000;0.000000;2.000000;-316.221680;-63.567307;2045.736572;0.864636;0.000000;0.000000;0.000000;0.000000;2.000000;-272.929688;9.997307;2119.375000;0.894359;0.000000;0.000000;0.000000;0.000000;2.000000;-307.568909;-50.577721;2020.194824;0.826400;0.000000;0.000000;0.000000;0.000000;2.000000;34.005005;-142.010696;1909.742554;0.246518;0.000000;0.000000;0.000000;0.000000;2.000000;-93.391968;263.013000;1892.968018;0.278392;0.000000;0.000000;0.000000;0.000000;2.000000;-190.948242;657.178772;1887.886841;0.231391;0.000000;0.000000;0.000000;0.000000;2.000000;-360.483154;700.550354;1793.465454;0.381241;0.000000;0.000000;0.000000;0.000000;2.000000;-30.663818;-157.204285;2081.389160;0.222295;0.000000;0.000000;0.000000;0.000000;2.000000;33.859985;260.894897;2115.985352;0.303825;0.000000;0.000000;0.000000;0.000000;2.000000;218.435303;625.952576;2148.578613;1.017277;0.000000;0.000000;0.000000;0.000000;2.000000;92.389893;753.703674;2113.062012;1.740152;0.000000;0.000000;0.000000;0.000000;2.000000;-1.503784;-804.856262;1949.575806;0.674230;0.000000;0.000000;0.000000;0.000000;2.000000;-130.580688;-819.258911;1839.026123;0.349080;0.000000;0.000000;0.000000;0.000000;2.000000;-93.634644;-865.546753;1843.703247;0.336805;0.000000;0.000000;0.000000;0.000000;2.000000;35.419189;-881.728760;1878.181030;0.588295;0.000000;0.000000;0.000000;0.000000;2.000000;-132.097046;-853.573486;1881.872559;0.389295;0.000000;0.000000;0.000000;0.000000;2.000000;-78.823486;-858.791992;2010.224487;0.669698;0.000000;0.000000;0.000000;0.000000;2.000000;4721966592.000000
0.000000;-150.000000;2000.000000;0.000000;0.000000;0.000000;0.000000;0.000000;2.000000;4.680176;-339.249512;1991.550781;0.184252;0.000000;0.000000;0.000000;0.000000;2.000000;-1.679565;-490.264038;1981.343140;0.339150;0.000000;0.000000;0.000000;0.000000;2.000000;-2.239990;-720.704163;1972.748413;0.456369;0.000000;0.000000;0.000000;0.000000;2.000000;18.810303;-681.913391;1945.133423;0.437003;0.000000;0.000000;0.000000;0.000000;2.000000;100.632813;-637.823975;1825.066040;0.423497;0.000000;0.000000;0.000000;0.000000;2.000000;203.924927;-363.227417;1834.105591;0.415828;0.000000;0.000000;0.000000;0.000000;2.000000;187.648438;-118.410110;1811.970459;0.551295;0.000000;0.000000;0.000000;0.000000;2.000000;199.751953;-19.645737;1835.635742;0.908887;0.000000;0.000000;0.000000;0.000000;2.000000;208.362305;82.505875;1887.243408;1.255186;0.000000;0.000000;0.000000;0.000000;2.000000;164.549438;6.537006;1844.088257;1.199003;0.000000;0.000000;0.000000;0.000000;2.000000;-21.191772;-683.390381;2004.353516;0.431467;0.000000;0.000000;0.000000;0.000000;2.000000;-94.093750;-649.234375;2118.505615;0.536042;0.000000;0.000000;0.000000;0.000000;2.000000;-147.268066;-361.131592;2178.623779;0.517014;0.000000;0.000000;0.000000;0.000000;2.000000;-255.145569;-149.318115;2102.899902;0.484676;0.000000;0.000000;0.000000;0.000000;2.000000;-301.303528;-57.720985;2062.812012;0.703601;0.000000;0.000000;0.000000;0.000000;2.000000;-260.026855;-4.480896;2153.301758;1.174233;0.000000;0.000000;0.000000;0.000000;2.000000;-291.565918;-42.834602;2040.993042;0.822142;0.000000;0.000000;0.000000;0.000000;2.000000;31.408569;-145.138748;1908.513428;0.127614;0.000000;0.000000;0.000000;0.000000;2.000000;-105.183594;257.546417;1908.416138;0.606622;0.000000;0.000000;0.000000;0.000000;2.000000;-194.325256;653.764771;1922.884155;1.061455;0.000000;0.000000;0.000000;0.000000;2.000000;-363.416992;702.935181;1830.228149;1.110475;0.000000;0.000000;0.000000;0.000000;2.000000;-28.322388;-154.383591;2082.497559;0.115077;0.000000;0.000000;0.000000;0.000000;2.000000;5.799194;268.999573;2084.984375;1.279835;0.000000;0.000000;0.000000;0.000000;2.000000;227.608887;606.075073;2161.259766;0.760211;0.000000;0.000000;0.000000;0.000000;2.000000;111.720581;745.177246;2134.105469;0.896019;0.000000;0.000000;0.000000;0.000000;2.000000;-14.250488;-805.906616;1961.593872;0.527355;0.000000;0.000000;0.000000;0.000000;2.000000;-132.588135;-838.493103;1842.996826;0.593212;0.000000;0.000000;0.000000;0.000000;2.000000;-91.067017;-880.080017;1851.998291;0.508706;0.000000;0.000000;0.000000;0.000000;2.000000;36.230347;-880.219482;1895.891357;0.534646;0.000000;0.000000;0.000000;0.000000;2.000000;-133.335693;-871.446655;1886.967407;0.559687;0.000000;0.000000;0.000000;0.000000;2.000000;-89.250244;-866.548950;2018.874756;0.469092;0.000000;0.000000;0.000000;0.000000;2.000000;4721999872.000000
0.000000;-150.000000;2000.000000;0.000000;0.000000;0.000000;0.000000;0.000000;2.000000;6.260620;-340.911865;1995.596802;0.139753;0.000000;0.000000;0.000000;0.000000;2.000000;0.462524;-493.372437;1988.254150;0.236623;0.000000;0.000000;0.000000;0.000000;2.000000;4.408325;-725.525818;1975.984741;0.265245;0.000000;0.000000;0.000000;0.000000;2.000000;24.110352;-685.566589;1948.224976;0.214574;0.000000;0.000000;0.000000;0.000000;2.000000;99.314819;-634.929382;1824.861328;0.095767;0.000000;0.000000;0.000000;0.000000;2.000000;194.282593;-354.786987;1834.270874;0.385088;0.000000;0.000000;0.000000;0.000000;2.000000;166.706665;-108.891129;1812.485352;0.691389;0.000000;0.000000;0.000000;0.000000;2.000000;178.083740;-10.074280;1839.701416;0.722188;0.000000;0.000000;0.000000;0.000000;2.000000;186.901611;99.361023;1876.276001;0.883711;0.000000;0.000000;0.000000;0.000000;2.000000;140.123413;12.461906;1855.756348;0.832651;0.000000;0.000000;0.000000;0.000000;2.000000;-14.638794;-688.792175;2008.908325;0.289566;0.000000;0.000000;0.000000;0.000000;2.000000;-84.405762;-651.302795;2125.371582;0.362172;0.000000;0.000000;0.000000;0.000000;2.000000;-130.667969;-360.708862;2191.307617;0.627869;0.000000;0.000000;0.000000;0.000000;2.000000;-237.721985;-142.014221;2128.189453;0.948534;0.000000;0.000000;0.000000;0.000000;2.000000;-282.922974;-49.993492;2085.546875;0.908642;0.000000;0.000000;0.000000;0.000000;2.000000;-235.903748;34.659565;2145.224121;1.402685;0.000000;0.000000;0.000000;0.000000;2.000000;-270.791748;-29.042610;2065.421387;1.048901;0.000000;0.000000;0.000000;0.000000;2.000000;32.598267;-146.809219;1908.004883;0.063489;0.000000;0.000000;0.000000;0.000000;2.000000;-112.845459;256.404724;1917.213989;0.352229;0.000000;0.000000;0.000000;0.000000;2.000000;-179.010803;659.180420;1953.065308;1.029893;0.000000;0.000000;0.000000;0.000000;2.000000;-349.394287;725.589355;1870.526001;1.451594;0.000000;0.000000;0.000000;0.000000;2.000000;-29.395264;-152.877274;2082.956055;0.057251;0.000000;0.000000;0.000000;0.000000;2.000000;19.994507;271.242279;2116.242188;1.033753;0.000000;0.000000;0.000000;0.000000;2.000000;243.081177;615.632446;2171.651367;0.629377;0.000000;0.000000;0.000000;0.000000;2.000000;121.308105;752.279907;2147.710693;0.543754;0.000000;0.000000;0.000000;0.000000;2.000000;-6.233765;-811.487671;1963.710693;0.300326;0.000000;0.000000;0.000000;0.000000;2.000000;-130.822388;-836.406860;1847.640991;0.161921;0.000000;0.000000;0.000000;0.000000;2.000000;-90.012329;-879.895142;1853.689209;0.060139;0.000000;0.000000;0.000000;0.000000;2.000000;39.798950;-885.534607;1893.059448;0.210348;0.000000;0.000000;0.000000;0.000000;2.000000;-131.016602;-871.150208;1890.803467;0.134987;0.000000;0.000000;0.000000;0.000000;2.000000;-81.607544;-872.305969;2022.129761;0.303693;0.000000;0.000000;0.000000;0.000000;2.000000;4722033152.000000
0.000000;-150.000000;2000.000000;0.000000;0.000000;0.000000;0.000000;0.000000;2.000000;5.135132;-340.395416;1997.571655;0.070042;0.000000;0.000000;0.000000;0.000000;2.000000;-0.595337;-492.474335;1992.258179;0.127334;0.000000;0.000000;0.000000;0.000000;2.000000;3.425659;-723.979004;1981.297485;0.168868;0.000000;0.000000;0.000000;0.000000;2.000000;21.422852;-684.265991;1952.355347;0.153140;0.000000;0.000000;0.000000;0.000000;2.000000;90.347290;-630.476929;1827.250366;0.309289;0.000000;0.000000;0.000000;0.000000;2.000000;183.842041;-350.637115;1827.448120;0.394965;0.000000;0.000000;0.000000;0.000000;2.000000;150.716431;-106.529251;1802.217529;0.575399;0.000000;0.000000;0.000000;0.000000;2.000000;159.475708;-8.650841;1832.432983;0.601799;0.000000;0.000000;0.000000;0.000000;2.000000;166.426025;104.419624;1854.259766;0.916123;0.000000;0.000000;0.000000;0.000000;2.000000;126.791992;18.915890;1837.137207;0.714900;0.000000;0.000000;0.000000;0.000000;2.000000;-13.890625;-687.200684;2014.860962;0.186508;0.000000;0.000000;0.000000;0.000000;2.000000;-80.151611;-653.361084;2133.939209;0.294009;0.000000;0.000000;0.000000;0.000000;2.000000;-105.142090;-363.036499;2207.855957;0.916755;0.000000;0.000000;0.000000;0.000000;2.000000;-220.022644;-148.050430;2148.963379;0.839874;0.000000;0.000000;0.000000;0.000000;2.000000;-253.347168;-49.707108;2110.596191;1.164641;0.000000;0.000000;0.000000;0.000000;2.000000;-254.468079;60.205837;2082.719482;2.104240;0.000000;0.000000;0.000000;0.000000;2.000000;-240.971741;-30.126976;2088.247070;1.128873;0.000000;0.000000;0.000000;0.000000;2.000000;31.588745;-147.973785;1907.936646;0.046356;0.000000;0.000000;0.000000;0.000000;2.000000;-111.807190;254.242584;1926.797485;0.296847;0.000000;0.000000;0.000000;0.000000;2.000000;-173.123413;656.283325;1965.117432;0.412336;0.000000;0.000000;0.000000;0.000000;2.000000;-342.117493;736.020142;1893.770874;0.796176;0.000000;0.000000;0.000000;0.000000;2.000000;-28.484985;-151.827118;2083.017578;0.041801;0.000000;0.000000;0.000000;0.000000;2.000000;85.373779;256.094116;2137.234375;2.112914;0.000000;0.000000;0.000000;0.000000;2.000000;259.300171;624.909424;2201.412109;1.055889;0.000000;0.000000;0.000000;0.000000;2.000000;126.465210;746.988525;2165.113770;0.568109;0.000000;0.000000;0.000000;0.000000;2.000000;-7.548096;-809.785645;1970.191650;0.205181;0.000000;0.000000;0.000000;0.000000;2.000000;-132.039612;-840.144775;1856.110229;0.280562;0.000000;0.000000;0.000000;0.000000;2.000000;-89.854858;-882.034302;1862.194946;0.263582;0.000000;0.000000;0.000000;0.000000;2.000000;40.074829;-882.843262;1900.111694;0.226965;0.000000;0.000000;0.000000;0.000000;2.000000;-130.618774;-874.261353;1899.531372;0.278677;0.000000;0.000000;0.000000;0.000000;2.000000;-79.995483;-872.220947;2029.922729;0.239135;0.000000;0.000000;0.000000;0.000000;2.000000;4722066432.000000
0.000000;-150.000000;2000.000000;0.000000;0.000000;0.000000;0.000000;0.000000;2.000000;3.037354;-340.692383;1994.483643;0.110824;0.000000;0.000000;0.000000;0.000000;2.000000;-0.809570;-493.039368;1988.025757;0.126519;0.000000;0.000000;0.000000;0.000000;2.000000;8.060669;-724.722046;1975.627930;0.217823;0.000000;0.000000;0.000000;0.000000;2.000000;24.725220;-684.401917;1946.570313;0.197166;0.000000;0.000000;0.000000;0.000000;2.000000;88.902954;-625.865601;1820.763916;0.239363;0.000000;0.000000;0.000000;0.000000;2.000000;167.681396;-341.033508;1818.415405;0.617197;0.000000;0.000000;0.000000;0.000000;2.000000;140.445190;-95.384430;1797.414795;0.470490;0.000000;0.000000;0.000000;0.000000;2.000000;159.052734;2.758114;1822.450928;0.448782;0.000000;0.000000;0.000000;0.000000;2.000000;171.780396;116.058746;1841.288574;0.539523;0.000000;0.000000;0.000000;0.000000;2.000000;94.073364;18.169617;1824.588013;1.037247;0.000000;0.000000;0.000000;0.000000;2.000000;-9.505493;-688.453613;2009.749390;0.202721;0.000000;0.000000;0.000000;0.000000;2.000000;-70.697998;-654.914734;2131.861572;0.290102;0.000000;0.000000;0.000000;0.000000;2.000000;-83.417480;-365.582397;2214.334961;0.675091;0.000000;0.000000;0.000000;0.000000;2.000000;-190.871765;-142.515686;2172.041992;1.112402;0.000000;0.000000;0.000000;0.000000;2.000000;-221.009644;-41.732201;2136.983887;1.257477;0.000000;0.000000;0.000000;0.000000;2.000000;-214.756409;64.574608;2097.465332;1.260231;0.000000;0.000000;0.000000;0.000000;2.000000;-209.755981;-24.037270;2109.085449;1.125206;0.000000;0.000000;0.000000;0.000000;2.000000;30.284302;-146.837814;1907.360962;0.053948;0.000000;0.000000;0.000000;0.000000;2.000000;-103.252380;259.495239;1926.453369;0.297247;0.000000;0.000000;0.000000;0.000000;2.000000;-152.788269;663.460266;1968.614380;0.646490;0.000000;0.000000;0.000000;0.000000;2.000000;-320.676392;752.078674;1904.578857;0.854822;0.000000;0.000000;0.000000;0.000000;2.000000;-27.308594;-152.851486;2083.536621;0.048650;0.000000;0.000000;0.000000;0.000000;2.000000;102.694946;249.809418;2145.762695;0.600852;0.000000;0.000000;0.000000;0.000000;2.000000;278.745728;617.874146;2212.803955;0.698665;0.000000;0.000000;0.000000;0.000000;2.000000;151.812500;746.641602;2176.951172;0.827927;0.000000;0.000000;0.000000;0.000000;2.000000;-1.251587;-810.828125;1964.189331;0.259272;0.000000;0.000000;0.000000;0.000000;2.000000;-138.571045;-839.669189;1864.973999;0.326129;0.000000;0.000000;0.000000;0.000000;2.000000;-94.493591;-880.121948;1862.994263;0.150353;0.000000;0.000000;0.000000;0.000000;2.000000;39.420532;-877.743286;1884.025146;0.499772;0.000000;0.000000;0.000000;0.000000;2.000000;-130.390442;-876.233276;1905.688232;0.191435;0.000000;0.000000;0.000000;0.000000;2.000000;-63.333130;-879.710205;2028.672119;0.541869;0.000000;0.000000;0.000000;0.000000;2.000000;4722100224.000000
0.000000;-150.000000;2000.000000;0.000000;0.000000;0.000000;0.000000;0.000000;2.000000;5.527832;-340.677612;1988.669922;0.190046;0.000000;0.000000;0.000000;0.000000;2.000000;3.358154;-493.052917;1977.908203;0.328797;0.000000;0.000000;0.000000;0.000000;2.000000;17.639648;-724.703308;1963.360352;0.467680;0.000000;0.000000;0.000000;0.000000;2.000000;31.616821;-683.725281;1933.665649;0.440061;0.000000;0.000000;0.000000;0.000000;2.000000;92.867798;-627.684753;1805.006226;0.491297;0.000000;0.000000;0.000000;0.000000;2.000000;161.870361;-339.975739;1796.309692;0.687536;0.000000;0.000000;0.000000;0.000000;2.000000;122.333252;-95.751007;1773.739258;0.895769;0.000000;0.000000;0.000000;0.000000;2.000000;135.766235;6.092251;1782.992065;1.380375;0.000000;0.000000;0.000000;0.000000;2.000000;139.612183;121.544693;1790.167969;1.822362;0.000000;0.000000;0.000000;0.000000;2.000000;91.651611;31.208805;1803.904175;0.738294;0.000000;0.000000;0.000000;0.000000;2.000000;1.024902;-689.054749;1998.717041;0.458628;0.000000;0.000000;0.000000;0.000000;2.000000;-51.517334;-659.294556;2125.981201;0.617018;0.000000;0.000000;0.000000;0.000000;2.000000;-59.438721;-368.200684;2204.476074;0.783001;0.000000;0.000000;0.000000;0.000000;2.000000;-155.679260;-137.490677;2176.166992;1.075360;0.000000;0.000000;0.000000;0.000000;2.000000;-203.632080;-37.323174;2175.956055;1.289006;0.000000;0.000000;0.000000;0.000000;2.000000;-166.832764;59.895897;2129.733887;1.741707;0.000000;0.000000;0.000000;0.000000;2.000000;-167.999939;-3.061729;2122.443359;1.460341;0.000000;0.000000;0.000000;0.000000;2.000000;24.458984;-143.685089;1905.656616;0.205514;0.000000;0.000000;0.000000;0.000000;2.000000;-107.236511;263.757721;1928.502930;0.185819;0.000000;0.000000;0.000000;0.000000;2.000000;-146.020691;668.987366;1975.688965;0.337822;0.000000;0.000000;0.000000;0.000000;2.000000;-301.239807;771.260376;1900.106079;0.831482;0.000000;0.000000;0.000000;0.000000;2.000000;-22.055786;-155.694458;2085.073486;0.185318;0.000000;0.000000;0.000000;0.000000;2.000000;107.428589;247.916245;2146.814697;0.156418;0.000000;0.000000;0.000000;0.000000;2.000000;294.716309;612.625244;2205.162109;0.554880;0.000000;0.000000;0.000000;0.000000;2.000000;180.678223;755.381042;2178.691406;0.907748;0.000000;0.000000;0.000000;0.000000;2.000000;9.962036;-811.095398;1951.823486;0.501660;0.000000;0.000000;0.000000;0.000000;2.000000;-126.813538;-846.550537;1853.539551;0.534432;0.000000;0.000000;0.000000;0.000000;2.000000;-81.673523;-885.999268;1852.815308;0.522619;0.000000;0.000000;0.000000;0.000000;2.000000;52.349365;-879.612427;1873.682007;0.500667;0.000000;0.000000;0.000000;0.000000;2.000000;-117.710938;-881.635193;1895.459229;0.515728;0.000000;0.000000;0.000000;0.000000;2.000000;-50.479736;-879.510437;2018.627930;0.490194;0.000000;0.000000;0.000000;0.000000;2.000000;4722133504.000000
0.000000;-150.000000;2000.000000;0.000000;0.000000;0.000000;0.000000;0.000000;2.000000;5.085938;-339.599030;1989.015137;0.036528;0.000000;0.000000;0.000000;0.000000;2.000000;3.532715;-491.154266;1979.151367;0.068394;0.000000;0.000000;0.000000;0.000000;2.000000;16.310059;-721.228027;1960.321289;0.144360;0.000000;0.000000;0.000000;0.000000;2.000000;29.300049;-680.039551;1931.008911;0.153246;0.000000;0.000000;0.000000;0.000000;2.000000;85.289551;-622.444214;1801.694824;0.294193;0.000000;0.000000;0.000000;0.000000;2.000000;146.247070;-335.295898;1780.966553;0.672835;0.000000;0.000000;0.000000;0.000000;2.000000;101.267944;-94.759094;1747.453491;1.012612;0.000000;0.000000;0.000000;0.000000;2.000000;109.483154;5.755428;1766.010376;0.940314;0.000000;0.000000;0.000000;0.000000;2.000000;95.721313;119.983002;1764.213257;1.532892;0.000000;0.000000;0.000000;0.000000;2.000000;46.107788;9.344879;1788.826294;1.584196;0.000000;0.000000;0.000000;0.000000;2.000000;1.196899;-686.332520;1996.632080;0.103162;0.000000;0.000000;0.000000;0.000000;2.000000;-46.128052;-657.715698;2125.295898;0.169996;0.000000;0.000000;0.000000;0.000000;2.000000;-46.206665;-371.786194;2215.582520;0.530156;0.000000;0.000000;0.000000;0.000000;2.000000;-127.095276;-135.411758;2203.640625;1.192938;0.000000;0.000000;0.000000;0.000000;2.000000;-173.851990;-35.968353;2192.909180;1.030477;0.000000;0.000000;0.000000;0.000000;2.000000;-114.066833;59.706047;2184.871582;2.293211;0.000000;0.000000;0.000000;0.000000;2.000000;-142.715454;-0.228813;2154.863037;1.238319;0.000000;0.000000;0.000000;0.000000;2.000000;18.343018;-143.994476;1904.837646;0.185646;0.000000;0.000000;0.000000;0.000000;2.000000;-109.906250;261.584015;1933.226196;0.175625;0.000000;0.000000;0.000000;0.000000;2.000000;-127.080322;664.906982;1988.309204;0.694792;0.000000;0.000000;0.000000;0.000000;2.000000;-279.021545;772.606079;1916.794312;0.835941;0.000000;0.000000;0.000000;0.000000;2.000000;-16.540771;-155.415421;2085.812012;0.167405;0.000000;0.000000;0.000000;0.000000;2.000000;84.887451;252.576523;2153.721191;0.722105;0.000000;0.000000;0.000000;0.000000;2.000000;297.633911;599.927124;2213.687012;0.467852;0.000000;0.000000;0.000000;0.000000;2.000000;202.281372;755.758423;2195.948242;0.830891;0.000000;0.000000;0.000000;0.000000;2.000000;7.938232;-806.886841;1947.690430;0.187385;0.000000;0.000000;0.000000;0.000000;2.000000;-137.873108;-850.461182;1869.447754;0.593918;0.000000;0.000000;0.000000;0.000000;2.000000;-91.350952;-887.083496;1862.572998;0.414229;0.000000;0.000000;0.000000;0.000000;2.000000;42.898193;-873.059570;1864.921997;0.434402;0.000000;0.000000;0.000000;0.000000;2.000000;-121.247070;-884.479492;1909.470825;0.442553;0.000000;0.000000;0.000000;0.000000;2.000000;-38.551270;-877.725342;2021.644653;0.373583;0.000000;0.000000;0.000000;0.000000;2.000000;4722166784.000000
0.000000;-150.000000;2000.000000;0.000000;0.000000;0.000000;0.000000;0.000000;2.000000;2.792847;-338.803101;1985.568970;0.126658;0.000000;0.000000;0.000000;0.000000;2.000000;3.714111;-489.742126;1973.856079;0.164764;0.000000;0.000000;0.000000;0.000000;2.000000;14.988647;-718.821533;1951.401855;0.280421;0.000000;0.000000;0.000000;0.000000;2.000000;25.965576;-677.400940;1921.892456;0.302264;0.000000;0.000000;0.000000;0.000000;2.000000;75.385132;-616.283081;1792.093506;0.453957;0.000000;0.000000;0.000000;0.000000;2.000000;121.138428;-327.522186;1768.268433;0.877135;0.000000;0.000000;0.000000;0.000000;2.000000;72.213501;-88.030563;1738.895508;0.932301;0.000000;0.000000;0.000000;0.000000;2.000000;78.732666;13.969517;1739.901733;1.236990;0.000000;0.000000;0.000000;0.000000;2.000000;70.947754;128.229645;1733.609619;1.208784;0.000000;0.000000;0.000000;0.000000;2.000000;42.411743;37.606335;1764.077393;1.134242;0.000000;0.000000;0.000000;0.000000;2.000000;2.425903;-684.496277;1988.962402;0.239832;0.000000;0.000000;0.000000;0.000000;2.000000;-39.802612;-658.621704;2119.478027;0.259668;0.000000;0.000000;0.000000;0.000000;2.000000;-27.617188;-377.020630;2218.889648;0.588747;0.000000;0.000000;0.000000;0.000000;2.000000;-109.852783;-141.699493;2223.155029;0.804958;0.000000;0.000000;0.000000;0.000000;2.000000;-132.467712;-34.374619;2232.212402;1.715622;0.000000;0.000000;0.000000;0.000000;2.000000;-101.203674;72.793327;2216.465820;1.097859;0.000000;0.000000;0.000000;0.000000;2.000000;-116.727173;-3.911613;2189.892090;1.315264;0.000000;0.000000;0.000000;0.000000;2.000000;12.838257;-142.500000;1904.360962;0.171992;0.000000;0.000000;0.000000;0.000000;2.000000;-103.045898;265.195343;1934.963135;0.238732;0.000000;0.000000;0.000000;0.000000;2.000000;-109.636353;667.320801;1991.396484;0.537222;0.000000;0.000000;0.000000;0.000000;2.000000;-261.386597;779.192871;1928.145386;0.660528;0.000000;0.000000;0.000000;0.000000;2.000000;-11.576904;-156.763077;2086.241943;0.155093;0.000000;0.000000;0.000000;0.000000;2.000000;105.786987;245.249481;2155.555176;0.667744;0.000000;0.000000;0.000000;0.000000;2.000000;300.818726;601.255493;2215.918457;0.123479;0.000000;0.000000;0.000000;0.000000;2.000000;209.678467;759.511230;2204.848145;0.365562;0.000000;0.000000;0.000000;0.000000;2.000000;5.751343;-804.041504;1938.336060;0.301055;0.000000;0.000000;0.000000;0.000000;2.000000;-127.542603;-850.083618;1842.385498;0.870476;0.000000;0.000000;0.000000;0.000000;2.000000;-81.194458;-887.222473;1843.969238;0.636901;0.000000;0.000000;0.000000;0.000000;2.000000;51.097168;-874.151978;1864.851685;0.248550;0.000000;0.000000;0.000000;0.000000;2.000000;-117.336853;-882.158569;1885.780029;0.724857;0.000000;0.000000;0.000000;0.000000;2.000000;-51.667114;-870.676147;2007.836792;0.610186;0.000000;0.000000;0.000000;0.000000;2.000000;4722200064.000000
0.000000;-150.000000;2000.000000;0.000000;0.000000;0.000000;0.000000;0.000000;2.000000;1.387756;-338.980347;1987.090454;0.062458;0.000000;0.000000;0.000000;0.000000;2.000000;3.048767;-490.060669;1976.840576;0.092377;0.000000;0.000000;0.000000;0.000000;2.000000;14.858582;-719.373779;1956.503296;0.154234;0.000000;0.000000;0.000000;0.000000;2.000000;25.381531;-678.198059;1926.465698;0.140589;0.000000;0.000000;0.000000;0.000000;2.000000;70.076477;-616.701843;1795.093994;0.183663;0.000000;0.000000;0.000000;0.000000;2.000000;101.275940;-326.954407;1760.982178;0.635948;0.000000;0.000000;0.000000;0.000000;2.000000;42.836731;-90.368179;1725.522339;0.972417;0.000000;0.000000;0.000000;0.000000;2.000000;47.055969;11.635460;1719.984863;1.126520;0.000000;0.000000;0.000000;0.000000;2.000000;65.573669;122.848846;1741.231079;0.323517;0.000000;0.000000;0.000000;0.000000;2.000000;9.384216;33.574944;1743.056885;1.182586;0.000000;0.000000;0.000000;0.000000;2.000000;2.579834;-684.713196;1993.869263;0.147658;0.000000;0.000000;0.000000;0.000000;2.000000;-37.385864;-659.725647;2125.307373;0.192497;0.000000;0.000000;0.000000;0.000000;2.000000;-12.437805;-382.170593;2233.564941;0.653019;0.000000;0.000000;0.000000;0.000000;2.000000;-83.044189;-143.487152;2248.916748;1.118484;0.000000;0.000000;0.000000;0.000000;2.000000;-102.796936;-36.017029;2262.284180;1.270350;0.000000;0.000000;0.000000;0.000000;2.000000;-65.647156;70.381866;2258.229492;1.649715;0.000000;0.000000;0.000000;0.000000;2.000000;-86.547058;-5.597961;2231.914795;1.555432;0.000000;0.000000;0.000000;0.000000;2.000000;12.273254;-143.365387;1904.196289;0.031446;0.000000;0.000000;0.000000;0.000000;2.000000;-92.095337;266.601074;1945.596558;0.460590;0.000000;0.000000;0.000000;0.000000;2.000000;-86.478516;668.406860;2005.121582;0.809540;0.000000;0.000000;0.000000;0.000000;2.000000;-236.751587;780.593628;1938.805908;0.807669;0.000000;0.000000;0.000000;0.000000;2.000000;-11.067261;-155.982712;2086.390137;0.028358;0.000000;0.000000;0.000000;0.000000;2.000000;104.088562;246.176468;2159.175537;0.123347;0.000000;0.000000;0.000000;0.000000;2.000000;312.350403;594.102539;2223.107666;0.461440;0.000000;0.000000;0.000000;0.000000;2.000000;234.175842;759.505554;2218.341553;0.840376;0.000000;0.000000;0.000000;0.000000;2.000000;5.767029;-804.770935;1944.368652;0.182589;0.000000;0.000000;0.000000;0.000000;2.000000;-122.307617;-840.198425;1837.358398;0.368495;0.000000;0.000000;0.000000;0.000000;2.000000;-77.018311;-878.640564;1839.077148;0.322260;0.000000;0.000000;0.000000;0.000000;2.000000;54.004456;-870.759521;1868.889893;0.180959;0.000000;0.000000;0.000000;0.000000;2.000000;-115.598877;-875.543091;1878.872437;0.292101;0.000000;0.000000;0.000000;0.000000;2.000000;-57.462891;-874.551697;2005.252808;0.223425;0.000000;0.000000;0.000000;0.000000;2.000000;4722233344.000000
0.000000;-150.000000;2000.000000;0.000000;0.000000;0.000000;0.000000;0.000000;2.000000;-1.361877;-338.473328;1985.054688;0.103924;0.000000;0.000000;0.000000;0.000000;2.000000;1.343872;-489.165710;1973.588379;0.113566;0.000000;0.000000;0.000000;0.000000;2.000000;18.991516;-717.424500;1950.686279;0.222272;0.000000;0.000000;0.000000;0.000000;2.000000;27.205688;-675.782959;1920.740234;0.194597;0.000000;0.000000;0.000000;0.000000;2.000000;62.942261;-617.528748;1785.533569;0.359301;0.000000;0.000000;0.000000;0.000000;2.000000;80.775635;-327.995483;1745.286377;0.776442;0.000000;0.000000;0.000000;0.000000;2.000000;11.532104;-94.967941;1708.935791;1.073457;0.000000;0.000000;0.000000;0.000000;2.000000;13.295227;6.598480;1699.183350;1.201120;0.000000;0.000000;0.000000;0.000000;2.000000;22.948059;120.416588;1707.280518;1.639066;0.000000;0.000000;0.000000;0.000000;2.000000;-24.978943;28.410576;1721.504761;1.228666;0.000000;0.000000;0.000000;0.000000;2.000000;7.106567;-683.520996;1988.729858;0.208885;0.000000;0.000000;0.000000;0.000000;2.000000;-34.340027;-659.788391;2119.662598;0.192740;0.000000;0.000000;0.000000;0.000000;2.000000;-1.025696;-386.827393;2235.532227;0.375050;0.000000;0.000000;0.000000;0.000000;2.000000;-51.688843;-146.048508;2273.161133;1.193445;0.000000;0.000000;0.000000;0.000000;2.000000;-70.637878;-40.830467;2298.523926;1.463034;0.000000;0.000000;0.000000;0.000000;2.000000;-69.795166;71.415108;2290.172852;0.968393;0.000000;0.000000;0.000000;0.000000;2.000000;-59.655945;-12.595619;2266.169922;1.325360;0.000000;0.000000;0.000000;0.000000;2.000000;12.168091;-142.509537;1904.429932;0.026844;0.000000;0.000000;0.000000;0.000000;2.000000;-83.322937;267.920898;1953.716309;0.361361;0.000000;0.000000;0.000000;0.000000;2.000000;-66.673401;667.548035;2020.229248;0.748928;0.000000;0.000000;0.000000;0.000000;2.000000;-213.084045;781.713989;1949.893433;0.786055;0.000000;0.000000;0.000000;0.000000;2.000000;-10.972534;-156.754471;2086.179688;0.024205;0.000000;0.000000;0.000000;0.000000;2.000000;98.881470;245.363495;2162.645020;0.189594;0.000000;0.000000;0.000000;0.000000;2.000000;322.058350;584.452271;2218.242188;0.436520;0.000000;0.000000;0.000000;0.000000;2.000000;249.247925;751.978394;2218.383057;0.506225;0.000000;0.000000;0.000000;0.000000;2.000000;11.948303;-802.783569;1938.094482;0.271304;0.000000;0.000000;0.000000;0.000000;2.000000;-121.587708;-842.397095;1840.119629;0.108243;0.000000;0.000000;0.000000;0.000000;2.000000;-74.922180;-878.971130;1838.306763;0.067835;0.000000;0.000000;0.000000;0.000000;2.000000;57.214600;-866.177124;1858.947998;0.342791;0.000000;0.000000;0.000000;0.000000;2.000000;-110.644104;-877.673035;1880.643555;0.170570;0.000000;0.000000;0.000000;0.000000;2.000000;-44.005798;-875.282898;2002.437256;0.413699;0.000000;0.000000;0.000000;0.000000;2.000000;4722266624.000000
0.000000;-150.000000;2000.000000;0.000000;0.000000;0.000000;0.000000;0.000000;2.000000;-1.428223;-337.621399;1983.630737;0.049900;0.000000;0.000000;0.000000;0.000000;2.000000;0.753845;-487.642700;1970.995239;0.092087;0.000000;0.000000;0.000000;0.000000;2.000000;15.868958;-714.832458;1944.800171;0.214829;0.000000;0.000000;0.000000;0.000000;2.000000;23.248779;-673.041565;1915.194092;0.220668;0.000000;0.000000;0.000000;0.000000;2.000000;53.015259;-615.845276;1778.749878;0.364806;0.000000;0.000000;0.000000;0.000000;2.000000;62.161133;-328.331116;1730.191040;0.720203;0.000000;0.000000;0.000000;0.000000;2.000000;-15.172058;-99.289230;1691.314697;0.970087;0.000000;0.000000;0.000000;0.000000;2.000000;-15.131226;1.216743;1676.076416;1.112573;0.000000;0.000000;0.000000;0.000000;2.000000;-4.783264;114.329712;1686.591064;1.055595;0.000000;0.000000;0.000000;0.000000;2.000000;-62.995300;18.866062;1692.726563;1.461130;0.000000;0.000000;0.000000;0.000000;2.000000;5.665527;-681.452820;1983.511841;0.174128;0.000000;0.000000;0.000000;0.000000;2.000000;-26.200623;-661.375122;2117.138672;0.260463;0.000000;0.000000;0.000000;0.000000;2.000000;16.005005;-394.837036;2241.769287;0.595756;0.000000;0.000000;0.000000;0.000000;2.000000;-34.467896;-156.822037;2289.526855;0.783827;0.000000;0.000000;0.000000;0.000000;2.000000;-49.974609;-58.201035;2334.399170;1.349069;0.000000;0.000000;0.000000;0.000000;2.000000;-41.060974;51.465145;2312.818848;1.252142;0.000000;0.000000;0.000000;0.000000;2.000000;-58.951355;-14.690430;2253.987305;0.372039;0.000000;0.000000;0.000000;0.000000;2.000000;12.961060;-141.807648;1904.969971;0.035719;0.000000;0.000000;0.000000;0.000000;2.000000;-74.020508;268.184448;1959.317139;0.326370;0.000000;0.000000;0.000000;0.000000;2.000000;-48.158875;664.929504;2030.450439;0.640325;0.000000;0.000000;0.000000;0.000000;2.000000;-193.922119;778.810364;1960.469238;0.663415;0.000000;0.000000;0.000000;0.000000;2.000000;-11.687561;-157.387390;2085.692627;0.032210;0.000000;0.000000;0.000000;0.000000;2.000000;66.979004;248.677032;2170.261719;0.990567;0.000000;0.000000;0.000000;0.000000;2.000000;314.139404;569.661621;2219.923584;0.506647;0.000000;0.000000;0.000000;0.000000;2.000000;256.637451;742.295593;2220.302002;0.370511;0.000000;0.000000;0.000000;0.000000;2.000000;7.793945;-799.651550;1931.494141;0.252534;0.000000;0.000000;0.000000;0.000000;2.000000;-123.777100;-854.440125;1839.495239;0.368279;0.000000;0.000000;0.000000;0.000000;2.000000;-76.239685;-889.444092;1842.026245;0.336288;0.000000;0.000000;0.000000;0.000000;2.000000;54.906494;-870.459595;1860.758911;0.155979;0.000000;0.000000;0.000000;0.000000;2.000000;-111.947693;-884.141479;1883.779175;0.219520;0.000000;0.000000;0.000000;0.000000;2.000000;-45.957397;-865.256714;2003.862671;0.309896;0.000000;0.000000;0.000000;0.000000;2.000000;4722299904.000000
0.000000;-150.000000;2000.000000;0.000000;0.000000;0.000000;0.000000;0.000000;2.000000;6.003174;-336.828430;1988.584106;0.269413;0.000000;0.000000;0.000000;0.000000;2.000000;9.747253;-486.202026;1979.186523;0.368079;0.000000;0.000000;0.000000;0.000000;2.000000;23.493835;-711.722534;1949.383301;0.283179;0.000000;0.000000;0.000000;0.000000;2.000000;29.581787;-669.763611;1920.235229;0.262409;0.000000;0.000000;0.000000;0.000000;2.000000;55.797729;-611.099548;1784.630859;0.241976;0.000000;0.000000;0.000000;0.000000;2.000000;53.567566;-327.499634;1723.711670;0.324356;0.000000;0.000000;0.000000;0.000000;2.000000;-40.222595;-106.363113;1683.999146;0.812458;0.000000;0.000000;0.000000;0.000000;2.000000;-39.460876;-6.941544;1665.785400;0.830760;0.000000;0.000000;0.000000;0.000000;2.000000;-36.081055;106.348465;1661.403809;1.230743;0.000000;0.000000;0.000000;0.000000;2.000000;-78.733948;16.106529;1679.666016;0.620111;0.000000;0.000000;0.000000;0.000000;2.000000;15.039551;-679.069336;1988.734497;0.330296;0.000000;0.000000;0.000000;0.000000;2.000000;-6.574585;-656.295410;2123.163574;0.635490;0.000000;0.000000;0.000000;0.000000;2.000000;41.809204;-394.286011;2251.104980;0.824717;0.000000;0.000000;0.000000;0.000000;2.000000;-9.617249;-159.460464;2305.854492;0.896978;0.000000;0.000000;0.000000;0.000000;2.000000;-19.269531;-66.695511;2361.946289;1.265521;0.000000;0.000000;0.000000;0.000000;2.000000;-19.443726;24.562721;2297.901123;1.129738;0.000000;0.000000;0.000000;0.000000;2.000000;-71.096619;-44.163979;2227.882813;1.238055;0.000000;0.000000;0.000000;0.000000;2.000000;23.698608;-143.585754;1907.488403;0.335678;0.000000;0.000000;0.000000;0.000000;2.000000;-55.159058;264.985596;1966.199341;0.610909;0.000000;0.000000;0.000000;0.000000;2.000000;-20.029663;658.243530;2039.734009;0.912462;0.000000;0.000000;0.000000;0.000000;2.000000;-158.634216;778.717285;1969.403564;1.093794;0.000000;0.000000;0.000000;0.000000;2.000000;-21.370056;-155.784012;2083.421875;0.302693;0.000000;0.000000;0.000000;0.000000;2.000000;24.895142;249.088287;2184.188965;1.332045;0.000000;0.000000;0.000000;0.000000;2.000000;315.842590;529.562012;2221.452148;1.206877;0.000000;0.000000;0.000000;0.000000;2.000000;289.495667;708.529785;2224.864258;1.422327;0.000000;0.000000;0.000000;0.000000;2.000000;14.846985;-795.869080;1935.342163;0.266836;0.000000;0.000000;0.000000;0.000000;2.000000;-117.717957;-861.718994;1854.460205;0.532152;0.000000;0.000000;0.000000;0.000000;2.000000;-68.393921;-893.628357;1855.456299;0.483980;0.000000;0.000000;0.000000;0.000000;2.000000;61.530823;-866.542480;1865.167236;0.266496;0.000000;0.000000;0.000000;0.000000;2.000000;-101.614014;-888.551453;1898.846680;0.564762;0.000000;0.000000;0.000000;0.000000;2.000000;-30.235474;-860.786438;2013.081421;0.563870;0.000000;0.000000;0.000000;0.000000;2.000000;4722333184.000000
0.000000;-150.000000;2000.000000;0.000000;0.000000;0.000000;0.000000;0.000000;2.000000;6.525513;-331.539185;1982.315674;0.246947;0.000000;0.000000;0.000000;0.000000;2.000000;11.547546;-476.672668;1968.125732;0.442014;0.000000;0.000000;0.000000;0.000000;2.000000;20.225525;-696.785217;1939.730225;0.543353;0.000000;0.000000;0.000000;0.000000;2.000000;27.822571;-656.108704;1911.408447;0.491416;0.000000;0.000000;0.000000;0.000000;2.000000;45.096619;-599.942200;1777.488159;0.511717;0.000000;0.000000;0.000000;0.000000;2.000000;24.440247;-323.652466;1721.266113;0.885874;0.000000;0.000000;0.000000;0.000000;2.000000;-72.635620;-110.575989;1682.846924;0.982751;0.000000;0.000000;0.000000;0.000000;2.000000;-63.345154;-20.383835;1644.331055;1.045847;0.000000;0.000000;0.000000;0.000000;2.000000;-89.508179;85.643723;1627.199707;2.005147;0.000000;0.000000;0.000000;0.000000;2.000000;-110.372742;25.643524;1665.567871;1.079527;0.000000;0.000000;0.000000;0.000000;2.000000;11.874573;-664.690063;1977.830566;0.550525;0.000000;0.000000;0.000000;0.000000;2.000000;-14.908997;-640.479431;2107.435547;0.715484;0.000000;0.000000;0.000000;0.000000;2.000000;43.271912;-382.248413;2221.049316;0.973848;0.000000;0.000000;0.000000;0.000000;2.000000;-74.764038;-174.147476;2198.749512;3.792645;0.000000;0.000000;0.000000;0.000000;2.000000;-73.903320;-69.593689;2216.591797;4.666765;0.000000;0.000000;0.000000;0.000000;2.000000;-95.507446;9.549324;2145.346191;5.142006;0.000000;0.000000;0.000000;0.000000;2.000000;-103.297791;-88.573685;2100.256836;4.174145;0.000000;0.000000;0.000000;0.000000;2.000000;23.914307;-140.406998;1910.346924;0.128619;0.000000;0.000000;0.000000;0.000000;2.000000;-42.368286;260.295166;1963.082153;0.419944;0.000000;0.000000;0.000000;0.000000;2.000000;5.225586;643.014404;2029.883057;0.934295;0.000000;0.000000;0.000000;0.000000;2.000000;-121.447571;781.736206;1991.914673;1.309321;0.000000;0.000000;0.000000;0.000000;2.000000;-21.564514;-158.650436;2080.843994;0.115986;0.000000;0.000000;0.000000;0.000000;2.000000;-2.567810;230.375015;2206.040527;1.195102;0.000000;0.000000;0.000000;0.000000;2.000000;277.389893;509.664185;2213.973633;1.320223;0.000000;0.000000;0.000000;0.000000;2.000000;265.686157;685.515137;2219.673340;1.007177;0.000000;0.000000;0.000000;0.000000;2.000000;10.111755;-778.591125;1925.974976;0.607458;0.000000;0.000000;0.000000;0.000000;2.000000;-124.373535;-845.562744;1859.246094;0.544381;0.000000;0.000000;0.000000;0.000000;2.000000;-75.450623;-874.926086;1854.426880;0.601436;0.000000;0.000000;0.000000;0.000000;2.000000;50.517151;-844.212830;1851.457031;0.854066;0.000000;0.000000;0.000000;0.000000;2.000000;-103.394714;-872.109985;1899.947998;0.498024;0.000000;0.000000;0.000000;0.000000;2.000000;-23.558655;-845.107178;2004.176147;0.577770;0.000000;0.000000;0.000000;0.000000;2.000000;4722366464.000000
0.000000;-150.000000;2000.000000;0.000000;0.000000;0.000000;0.000000;0.000000;2.000000;0.683044;-330.765015;1978.236816;0.212102;0.000000;0.000000;0.000000;0.000000;2.000000;2.136841;-475.292725;1961.014038;0.351447;0.000000;0.000000;0.000000;0.000000;2.000000;12.222351;-693.746033;1925.403076;0.493903;0.000000;0.000000;0.000000;0.000000;2.000000;17.602783;-652.215332;1898.045166;0.511005;0.000000;0.000000;0.000000;0.000000;2.000000;21.551880;-587.063843;1767.570801;0.846665;0.000000;0.000000;0.000000;0.000000;2.000000;-14.107788;-316.362244;1696.967896;1.365605;0.000000;0.000000;0.000000;0.000000;2.000000;-113.350342;-106.315063;1651.589844;1.524202;0.000000;0.000000;0.000000;0.000000;2.000000;-152.497498;-35.613861;1595.677856;3.039172;0.000000;0.000000;0.000000;0.000000;2.000000;-218.210449;47.372593;1564.765381;4.382034;0.000000;0.000000;0.000000;0.000000;2.000000;-177.149048;9.860329;1647.564941;2.099273;0.000000;0.000000;0.000000;0.000000;2.000000;5.636169;-663.032471;1964.803345;0.430241;0.000000;0.000000;0.000000;0.000000;2.000000;-16.804932;-637.571228;2094.654053;0.391944;0.000000;0.000000;0.000000;0.000000;2.000000;46.550781;-370.751221;2180.483887;1.251496;0.000000;0.000000;0.000000;0.000000;2.000000;-99.269287;-186.753632;2132.142090;2.133141;0.000000;0.000000;0.000000;0.000000;2.000000;-93.919922;-91.648056;2178.210449;1.437670;0.000000;0.000000;0.000000;0.000000;2.000000;-107.191406;2.887596;2126.869629;0.676296;0.000000;0.000000;0.000000;0.000000;2.000000;-133.990845;-91.262680;2043.321045;1.915772;0.000000;0.000000;0.000000;0.000000;2.000000;17.755249;-139.015106;1909.316895;0.189330;0.000000;0.000000;0.000000;0.000000;2.000000;-37.814819;262.686523;1959.018188;0.193982;0.000000;0.000000;0.000000;0.000000;2.000000;19.431091;642.465332;2029.366699;0.420972;0.000000;0.000000;0.000000;0.000000;2.000000;-109.096863;780.520813;1998.151489;0.411026;0.000000;0.000000;0.000000;0.000000;2.000000;-16.010742;-159.905579;2081.772949;0.170724;0.000000;0.000000;0.000000;0.000000;2.000000;2.954163;223.875290;2219.308105;0.466748;0.000000;0.000000;0.000000;0.000000;2.000000;274.755493;509.683167;2208.343018;0.183962;0.000000;0.000000;0.000000;0.000000;2.000000;248.113159;682.547974;2227.052246;0.570813;0.000000;0.000000;0.000000;0.000000;2.000000;2.504272;-775.047546;1909.736694;0.540919;0.000000;0.000000;0.000000;0.000000;2.000000;-136.882751;-855.274231;1877.674438;0.719049;0.000000;0.000000;0.000000;0.000000;2.000000;-88.177612;-879.963318;1860.904907;0.448128;0.000000;0.000000;0.000000;0.000000;2.000000;29.462463;-837.784363;1827.436890;0.964195;0.000000;0.000000;0.000000;0.000000;2.000000;-104.256592;-878.954285;1911.772827;0.405123;0.000000;0.000000;0.000000;0.000000;2.000000;-4.561462;-842.837036;1993.232300;0.652261;0.000000;0.000000;0.000000;0.000000;2.000000;4722400256.000000
0.000000;-150.000000;2000.000000;0.000000;0.000000;0.000000;0.000000;0.000000;2.000000;6.492371;-329.508179;1973.336182;0.231476;0.000000;0.000000;0.000000;0.000000;2.000000;10.986328;-473.027740;1951.939209;0.386905;0.000000;0.000000;0.000000;0.000000;2.000000;18.988342;-691.612427;1920.458618;0.259840;0.000000;0.000000;0.000000;0.000000;2.000000;24.426819;-650.756836;1892.345581;0.270733;0.000000;0.000000;0.000000;0.000000;2.000000;26.601746;-584.336670;1762.901001;0.222327;0.000000;0.000000;0.000000;0.000000;2.000000;-20.932617;-315.011292;1697.151611;0.209125;0.000000;0.000000;0.000000;0.000000;2.000000;-140.785889;-115.725098;1656.475952;0.883808;0.000000;0.000000;0.000000;0.000000;2.000000;-125.422119;-25.651993;1621.015259;1.153744;0.000000;0.000000;0.000000;0.000000;2.000000;-196.420776;32.926052;1560.810791;0.794504;0.000000;0.000000;0.000000;0.000000;2.000000;-203.873047;-5.781868;1630.985718;1.055420;0.000000;0.000000;0.000000;0.000000;2.000000;13.029907;-660.192261;1959.227539;0.291054;0.000000;0.000000;0.000000;0.000000;2.000000;-5.655884;-633.615479;2089.085938;0.392876;0.000000;0.000000;0.000000;0.000000;2.000000;45.097839;-357.921814;2148.732422;1.029935;0.000000;0.000000;0.000000;0.000000;2.000000;-104.031677;-176.158569;2105.410645;0.875790;0.000000;0.000000;0.000000;0.000000;2.000000;-84.157104;-81.060638;2146.625488;1.043069;0.000000;0.000000;0.000000;0.000000;2.000000;-97.101929;25.306007;2132.274414;0.756349;0.000000;0.000000;0.000000;0.000000;1.000000;-112.575806;-81.805603;2035.888428;0.738036;0.000000;0.000000;0.000000;0.000000;2.000000;10.320374;-136.083084;1908.820313;0.240611;0.000000;0.000000;0.000000;0.000000;2.000000;-26.076172;266.084381;1963.445557;0.390559;0.000000;0.000000;0.000000;0.000000;2.000000;33.902771;645.392212;2028.151123;0.445152;0.000000;0.000000;0.000000;0.000000;2.000000;-89.648132;789.583496;2010.671875;0.746467;0.000000;0.000000;0.000000;0.000000;2.000000;-9.306458;-162.549484;2082.220703;0.216967;0.000000;0.000000;0.000000;0.000000;2.000000;-29.789185;218.728073;2223.280762;1.003085;0.000000;0.000000;0.000000;0.000000;2.000000;219.652466;522.895874;2212.016602;1.706248;0.000000;0.000000;0.000000;0.000000;2.000000;197.196045;694.320435;2241.835938;1.631946;0.000000;0.000000;0.000000;0.000000;2.000000;8.508789;-772.899414;1906.459839;0.215440;0.000000;0.000000;0.000000;0.000000;2.000000;-137.347595;-844.627197;1888.209229;0.450277;0.000000;0.000000;0.000000;0.000000;2.000000;-92.562073;-870.353271;1864.161865;0.332142;0.000000;0.000000;0.000000;0.000000;2.000000;21.716187;-831.639893;1818.419556;0.402096;0.000000;0.000000;0.000000;0.000000;2.000000;-102.089905;-871.637817;1916.504272;0.269784;0.000000;0.000000;0.000000;0.000000;2.000000;8.401001;-844.937988;1986.249512;0.446898;0.000000;0.000000;0.000000;0.000000;2.000000;4722433536.000000
0.000000;-150.000000;2000.000000;0.000000;0.000000;0.000000;0.000000;0.000000;2.000000;6.203674;-330.385376;1971.895630;0.051417;0.000000;0.000000;0.000000;0.000000;2.000000;9.914795;-474.610291;1949.287598;0.098215;0.000000;0.000000;0.000000;0.000000;2.000000;15.801331;-694.535828;1917.485596;0.157694;0.000000;0.000000;0.000000;0.000000;2.000000;20.648376;-653.476746;1889.038086;0.171601;0.000000;0.000000;0.000000;0.000000;2.000000;16.742920;-581.624634;1761.581177;0.309792;0.000000;0.000000;0.000000;0.000000;2.000000;-41.341675;-311.100891;1702.422363;0.644180;0.000000;0.000000;0.000000;0.000000;2.000000;-181.548279;-121.659973;1673.279907;1.336774;0.000000;0.000000;0.000000;0.000000;2.000000;-223.484680;-39.617439;1638.195313;3.020759;0.000000;0.000000;0.000000;0.000000;2.000000;-298.533203;23.911907;1587.481323;3.182760;0.000000;0.000000;0.000000;0.000000;2.000000;-247.401611;-13.701912;1656.334106;1.532158;0.000000;0.000000;0.000000;0.000000;2.000000;11.152771;-662.887573;1956.632690;0.125778;0.000000;0.000000;0.000000;0.000000;2.000000;-6.214233;-633.157043;2086.807617;0.071818;0.000000;0.000000;0.000000;0.000000;2.000000;46.119202;-353.509338;2133.420654;0.479795;0.000000;0.000000;0.000000;0.000000;2.000000;-110.737244;-178.394516;2082.797363;0.711908;0.000000;0.000000;0.000000;0.000000;2.000000;-89.030457;-83.171066;2124.397949;0.686694;0.000000;0.000000;0.000000;0.000000;2.000000;-92.107544;25.527817;2123.390625;0.306306;0.000000;0.000000;0.000000;0.000000;2.000000;-117.883362;-79.736115;2016.982666;0.593311;0.000000;0.000000;0.000000;0.000000;2.000000;10.092224;-135.373199;1908.347168;0.026535;0.000000;0.000000;0.000000;0.000000;2.000000;-21.453430;269.277496;1965.605103;0.180862;0.000000;0.000000;0.000000;0.000000;2.000000;42.705078;649.833984;2032.813599;0.327715;0.000000;0.000000;0.000000;0.000000;2.000000;-80.608398;795.740601;2015.562012;0.360001;0.000000;0.000000;0.000000;0.000000;2.000000;-9.100586;-163.189621;2082.647461;0.023931;0.000000;0.000000;0.000000;0.000000;2.000000;-43.264099;217.991684;2228.208008;0.431683;0.000000;0.000000;0.000000;0.000000;2.000000;161.967590;556.435852;2234.334229;2.114187;0.000000;0.000000;0.000000;0.000000;2.000000;107.481079;724.086731;2242.650635;2.840374;0.000000;0.000000;0.000000;0.000000;2.000000;4.392700;-776.247375;1903.760498;0.178874;0.000000;0.000000;0.000000;0.000000;2.000000;-146.608582;-840.567627;1892.327759;0.328073;0.000000;0.000000;0.000000;0.000000;2.000000;-104.028931;-869.154663;1866.752563;0.355073;0.000000;0.000000;0.000000;0.000000;2.000000;10.889160;-837.087891;1815.629517;0.373721;0.000000;0.000000;0.000000;0.000000;2.000000;-111.526978;-869.256836;1919.757202;0.308354;0.000000;0.000000;0.000000;0.000000;2.000000;3.649536;-847.574402;1985.030518;0.167336;0.000000;0.000000;0.000000;0.000000;2.000000;4722466816.000000
0.000000;-150.000000;2000.000000;0.000000;0.000000;0.000000;0.000000;0.000000;2.000000;11.313904;-329.346130;1968.764160;0.182777;0.000000;0.000000;0.000000;0.000000;2.000000;12.122375;-473.002686;1943.765747;0.185104;0.000000;0.000000;0.000000;0.000000;2.000000;10.601379;-693.376648;1917.301758;0.160179;0.000000;0.000000;0.000000;0.000000;2.000000;15.905884;-653.235474;1887.777100;0.147632;0.000000;0.000000;0.000000;0.000000;2.000000;-1.080566;-573.418823;1766.530273;0.608060;0.000000;0.000000;0.000000;0.000000;2.000000;-85.789063;-308.972534;1714.444336;1.385027;0.000000;0.000000;0.000000;0.000000;2.000000;-227.173035;-120.421387;1688.222412;1.443069;0.000000;0.000000;0.000000;0.000000;2.000000;-283.671997;-51.780685;1645.935547;1.859675;0.000000;0.000000;0.000000;0.000000;2.000000;-364.768280;-8.134758;1584.923584;2.212285;0.000000;0.000000;0.000000;0.000000;2.000000;-255.016357;-6.753845;1622.395020;1.065806;0.000000;0.000000;0.000000;0.000000;1.000000;7.944397;-660.723206;1955.705811;0.119579;0.000000;0.000000;0.000000;0.000000;2.000000;-11.527832;-618.452759;2081.846924;0.492879;0.000000;0.000000;0.000000;0.000000;2.000000;27.949341;-335.865906;2119.994873;0.861330;0.000000;0.000000;0.000000;0.000000;2.000000;-111.717163;-211.193619;1969.624512;3.540683;0.000000;0.000000;0.000000;0.000000;2.000000;-104.707031;-114.571106;2012.647583;3.519586;0.000000;0.000000;0.000000;0.000000;2.000000;-82.218445;-21.247955;2063.402588;2.304970;0.000000;0.000000;0.000000;0.000000;2.000000;-126.967590;-98.862885;1934.197510;2.567614;0.000000;0.000000;0.000000;0.000000;2.000000;-0.241638;-134.019592;1908.158325;0.313217;0.000000;0.000000;0.000000;0.000000;2.000000;-21.353577;270.417664;1967.357178;0.062884;0.000000;0.000000;0.000000;0.000000;2.000000;63.953247;647.607300;2026.129272;0.672650;0.000000;0.000000;0.000000;0.000000;2.000000;-57.438171;795.756104;2026.206299;0.766173;0.000000;0.000000;0.000000;0.000000;2.000000;0.217896;-164.410233;2082.817871;0.282441;0.000000;0.000000;0.000000;0.000000;2.000000;-75.082214;205.587769;2239.631836;1.082045;0.000000;0.000000;0.000000;0.000000;2.000000;119.484131;548.902588;2216.865723;1.398687;0.000000;0.000000;0.000000;0.000000;2.000000;75.520325;719.357849;2224.926758;1.107298;0.000000;0.000000;0.000000;0.000000;2.000000;-3.579163;-774.886841;1905.914551;0.251475;0.000000;0.000000;0.000000;0.000000;2.000000;-153.731689;-829.531616;1867.738037;0.837682;0.000000;0.000000;0.000000;0.000000;2.000000;-113.050354;-868.858276;1876.286743;0.394506;0.000000;0.000000;0.000000;0.000000;2.000000;16.008057;-871.828613;1864.738281;1.814066;0.000000;0.000000;0.000000;0.000000;2.000000;-136.482544;-842.043152;1916.151123;1.114767;0.000000;0.000000;0.000000;0.000000;2.000000;-45.786682;-795.616882;2003.111450;2.222429;0.000000;0.000000;0.000000;0.000000;2.000000;4722500096.000000
0.000000;-150.000000;2000.000000;0.000000;0.000000;0.000000;0.000000;0.000000;2.000000;11.314819;-329.505066;1969.157593;0.012750;0.000000;0.000000;0.000000;0.000000;2.000000;11.597717;-473.291626;1944.479858;0.028006;0.000000;0.000000;0.000000;0.000000;2.000000;9.062866;-693.843445;1918.669556;0.063428;0.000000;0.000000;0.000000;0.000000;2.000000;14.349182;-653.791016;1888.979614;0.061419;0.000000;0.000000;0.000000;0.000000;2.000000;-3.455994;-574.224365;1767.599609;0.081933;0.000000;0.000000;0.000000;0.000000;2.000000;-89.121216;-309.889160;1715.763672;0.111154;0.000000;0.000000;0.000000;0.000000;2.000000;-231.902771;-122.107697;1690.559326;0.166422;0.000000;0.000000;0.000000;0.000000;2.000000;-290.226868;-54.088699;1649.656006;0.236856;0.000000;0.000000;0.000000;0.000000;2.000000;-373.130096;-10.349808;1591.089966;0.319204;0.000000;0.000000;0.000000;0.000000;2.000000;-281.998474;-11.890366;1632.318848;0.877538;0.000000;0.000000;0.000000;0.000000;2.000000;6.760803;-661.050354;1957.010010;0.053826;0.000000;0.000000;0.000000;0.000000;2.000000;-12.111694;-619.246216;2083.467529;0.056987;0.000000;0.000000;0.000000;0.000000;2.000000;23.051514;-336.345886;2124.471191;0.199897;0.000000;0.000000;0.000000;0.000000;2.000000;-117.136597;-214.707779;1971.928711;0.206063;0.000000;0.000000;0.000000;0.000000;2.000000;-116.271484;-119.466461;2018.569824;0.417197;0.000000;0.000000;0.000000;0.000000;2.000000;-99.051331;-26.015457;2071.228516;0.575889;0.000000;0.000000;0.000000;0.000000;2.000000;-158.580139;-117.615326;1921.697510;1.166569;0.000000;0.000000;0.000000;0.000000;2.000000;-0.287903;-134.223984;1908.076782;0.006757;0.000000;0.000000;0.000000;0.000000;2.000000;-21.635803;270.549500;1966.272339;0.033915;0.000000;0.000000;0.000000;0.000000;2.000000;63.323120;648.258850;2023.465332;0.084553;0.000000;0.000000;0.000000;0.000000;2.000000;-58.386292;796.266724;2024.082275;0.071557;0.000000;0.000000;0.000000;0.000000;2.000000;0.259644;-164.225952;2082.891113;0.006089;0.000000;0.000000;0.000000;0.000000;2.000000;-78.500671;206.320190;2237.214355;0.127718;0.000000;0.000000;0.000000;0.000000;2.000000;111.685547;552.421936;2216.348145;0.257559;0.000000;0.000000;0.000000;0.000000;2.000000;57.313049;719.840088;2226.248535;0.548725;0.000000;0.000000;0.000000;0.000000;2.000000;-5.508545;-775.371094;1907.604492;0.078430;0.000000;0.000000;0.000000;0.000000;2.000000;-157.510376;-827.798828;1873.508911;0.213709;0.000000;0.000000;0.000000;0.000000;2.000000;-117.391418;-867.765930;1881.932251;0.216492;0.000000;0.000000;0.000000;0.000000;2.000000;11.380493;-873.434875;1867.775635;0.173187;0.000000;0.000000;0.000000;0.000000;2.000000;-139.482056;-839.788025;1921.798340;0.203738;0.000000;0.000000;0.000000;0.000000;2.000000;-46.075562;-793.567139;2006.057861;0.108199;0.000000;0.000000;0.000000;0.000000;2.000000;4722533376.000000
0.000000;-150.000000;2000.000000;0.000000;0.000000;0.000000;0.000000;0.000000;2.000000;1.485168;-328.164124;1970.080688;0.299385;0.000000;0.000000;0.000000;0.000000;2.000000;1.831482;-470.597351;1946.133057;0.308445;0.000000;0.000000;0.000000;0.000000;2.000000;-6.054993;-689.183533;1923.909546;0.500751;0.000000;0.000000;0.000000;0.000000;2.000000;-3.780945;-649.949402;1893.591187;0.573852;0.000000;0.000000;0.000000;0.000000;2.000000;-27.958130;-586.813599;1765.585083;0.829948;0.000000;0.000000;0.000000;0.000000;2.000000;-104.460144;-320.069885;1729.437744;0.689084;0.000000;0.000000;0.000000;0.000000;2.000000;-246.099915;-138.614349;1776.103271;2.652378;0.000000;0.000000;0.000000;0.000000;2.000000;-315.544983;-97.431686;1721.422241;2.631569;0.000000;0.000000;0.000000;0.000000;2.000000;-391.673492;-29.912460;1681.186279;2.825782;0.000000;0.000000;0.000000;0.000000;2.000000;-361.743408;-127.064041;1721.740356;4.993809;0.000000;0.000000;0.000000;0.000000;2.000000;-3.598572;-656.247009;1961.448120;0.368117;0.000000;0.000000;0.000000;0.000000;2.000000;5.466553;-630.282593;2091.753418;0.671527;0.000000;0.000000;0.000000;0.000000;2.000000;-40.993713;-348.959900;2092.973633;2.177812;0.000000;0.000000;0.000000;0.000000;2.000000;-170.682434;-219.911026;1940.992310;1.864747;0.000000;0.000000;0.000000;0.000000;2.000000;-157.215454;-126.771393;1987.546143;1.559098;0.000000;0.000000;0.000000;0.000000;2.000000;-114.311340;-40.833206;2035.940308;1.238072;0.000000;0.000000;0.000000;0.000000;2.000000;-256.783997;-139.171661;1913.111816;3.032086;0.000000;0.000000;0.000000;0.000000;2.000000;3.117798;-134.691422;1908.994629;0.106913;0.000000;0.000000;0.000000;0.000000;2.000000;-12.899292;266.150024;1967.497192;0.296217;0.000000;0.000000;0.000000;0.000000;2.000000;75.863953;637.840149;2031.361450;0.544335;0.000000;0.000000;0.000000;0.000000;2.000000;-27.265442;796.984985;2026.099121;0.937332;0.000000;0.000000;0.000000;0.000000;2.000000;-2.811462;-163.804413;2082.063477;0.096409;0.000000;0.000000;0.000000;0.000000;2.000000;-94.887695;201.027603;2231.792969;0.542480;0.000000;0.000000;0.000000;0.000000;2.000000;32.846924;571.121582;2232.294189;2.481375;0.000000;0.000000;0.000000;0.000000;2.000000;-42.663330;727.601013;2248.972656;3.089535;0.000000;0.000000;0.000000;0.000000;2.000000;-22.551697;-769.830750;1915.742188;0.591410;0.000000;0.000000;0.000000;0.000000;2.000000;-171.732178;-826.005005;1883.051025;0.517429;0.000000;0.000000;0.000000;0.000000;2.000000;-131.282043;-864.419556;1893.093140;0.544785;0.000000;0.000000;0.000000;0.000000;2.000000;-3.617737;-867.951416;1880.052734;0.605260;0.000000;0.000000;0.000000;0.000000;2.000000;-153.968506;-835.726440;1931.372314;0.535846;0.000000;0.000000;0.000000;0.000000;2.000000;-62.993591;-785.029785;2013.576050;0.612590;0.000000;0.000000;0.000000;0.000000;2.000000;4722566656.000000
0.000000;-150.000000;2000.000000;0.000000;0.000000;0.000000;0.000000;0.000000;2.000000;4.608643;-328.271820;1971.644775;0.105014;0.000000;0.000000;0.000000;0.000000;2.000000;7.184937;-470.792542;1948.830322;0.180220;0.000000;0.000000;0.000000;0.000000;2.000000;8.233826;-689.990051;1933.421143;0.516347;0.000000;0.000000;0.000000;0.000000;2.000000;12.114258;-651.677429;1902.144409;0.544858;0.000000;0.000000;0.000000;0.000000;2.000000;-10.514404;-601.883728;1768.192505;0.697084;0.000000;0.000000;0.000000;0.000000;2.000000;-87.793823;-335.600525;1731.427490;0.687127;0.000000;0.000000;0.000000;0.000000;2.000000;-255.311707;-178.340271;1779.548218;1.229724;0.000000;0.000000;0.000000;0.000000;2.000000;-323.941559;-115.587967;1750.377686;1.057492;0.000000;0.000000;0.000000;0.000000;2.000000;-395.870544;-33.373665;1745.086914;1.927037;0.000000;0.000000;0.000000;0.000000;2.000000;-369.590393;-138.913193;1765.551514;1.383973;0.000000;0.000000;0.000000;0.000000;2.000000;6.133179;-655.861145;1969.865845;0.386809;0.000000;0.000000;0.000000;0.000000;2.000000;-6.301758;-614.309326;2095.708008;0.607891;0.000000;0.000000;0.000000;0.000000;2.000000;-81.710388;-344.307007;2044.416504;1.909245;0.000000;0.000000;0.000000;0.000000;2.000000;-193.617554;-209.478027;1883.759766;1.879010;0.000000;0.000000;0.000000;0.000000;2.000000;-233.658569;-135.051727;1945.966431;2.626585;0.000000;0.000000;0.000000;0.000000;2.000000;-252.043152;-68.147888;2028.076538;4.225788;0.000000;0.000000;0.000000;0.000000;2.000000;-299.608032;-162.145859;1812.368530;3.360945;0.000000;0.000000;0.000000;0.000000;2.000000;11.866272;-135.324295;1909.661377;0.264322;0.000000;0.000000;0.000000;0.000000;2.000000;7.054749;265.259216;1970.431274;0.606619;0.000000;0.000000;0.000000;0.000000;2.000000;106.105164;633.937622;2035.403442;0.924240;0.000000;0.000000;0.000000;0.000000;2.000000;6.933777;795.322754;2026.848267;1.029080;0.000000;0.000000;0.000000;0.000000;2.000000;-10.700317;-163.233704;2081.462402;0.238350;0.000000;0.000000;0.000000;0.000000;2.000000;-96.470276;200.811737;2236.202393;0.140919;0.000000;0.000000;0.000000;0.000000;2.000000;3.518494;579.077148;2242.922363;0.967346;0.000000;0.000000;0.000000;0.000000;2.000000;-85.171387;727.661621;2265.083496;1.365948;0.000000;0.000000;0.000000;0.000000;2.000000;-4.895752;-771.326355;1926.508911;0.623012;0.000000;0.000000;0.000000;0.000000;2.000000;-152.696777;-834.126953;1900.766357;0.818580;0.000000;0.000000;0.000000;0.000000;2.000000;-109.743286;-870.635376;1906.383057;0.783083;0.000000;0.000000;0.000000;0.000000;2.000000;16.725159;-866.545105;1885.106079;0.631258;0.000000;0.000000;0.000000;0.000000;2.000000;-131.307190;-844.956238;1947.321411;0.877639;0.000000;0.000000;0.000000;0.000000;2.000000;-37.919739;-792.995422;2025.837036;0.872161;0.000000;0.000000;0.000000;0.000000;2.000000;4722599936.000000
0.000000;-150.000000;2000.000000;0.000000;0.000000;0.000000;0.000000;0.000000;2.000000;6.355225;-328.364319;1968.905396;0.097660;0.000000;0.000000;0.000000;0.000000;2.000000;8.609863;-470.944946;1943.560303;0.164104;0.000000;0.000000;0.000000;0.000000;2.000000;1.525757;-690.966003;1931.517334;0.211567;0.000000;0.000000;0.000000;0.000000;2.000000;9.385498;-653.293945;1899.951416;0.115864;0.000000;0.000000;0.000000;0.000000;2.000000;-2.955383;-602.440430;1764.547363;0.252718;0.000000;0.000000;0.000000;0.000000;2.000000;-84.454773;-335.276123;1737.576538;0.210477;0.000000;0.000000;0.000000;0.000000;2.000000;-267.835266;-191.576736;1772.131470;0.591155;0.000000;0.000000;0.000000;0.000000;2.000000;-331.472046;-117.342194;1773.156860;0.722827;0.000000;0.000000;0.000000;0.000000;2.000000;-384.679016;-24.157394;1796.079346;1.592950;0.000000;0.000000;0.000000;0.000000;2.000000;-372.626129;-149.670609;1810.234253;1.384002;0.000000;0.000000;0.000000;0.000000;2.000000;-1.873047;-656.010498;1967.300537;0.252659;0.000000;0.000000;0.000000;0.000000;2.000000;-31.219177;-602.402710;2086.041016;0.879180;0.000000;0.000000;0.000000;0.000000;2.000000;-104.679993;-330.352478;2037.602661;0.833129;0.000000;0.000000;0.000000;0.000000;2.000000;-225.233521;-224.464981;1861.137451;1.251944;0.000000;0.000000;0.000000;0.000000;2.000000;-261.753174;-128.268387;1838.835205;3.334175;0.000000;0.000000;0.000000;0.000000;2.000000;-319.111267;-36.933647;1838.209595;6.122875;0.000000;0.000000;0.000000;0.000000;2.000000;-281.494263;-139.543396;1761.122681;1.768787;0.000000;0.000000;0.000000;0.000000;2.000000;15.535950;-133.786438;1910.171509;0.120537;0.000000;0.000000;0.000000;0.000000;2.000000;20.501160;268.597992;1967.859253;0.423421;0.000000;0.000000;0.000000;0.000000;2.000000;125.669250;636.896667;2032.978882;0.598996;0.000000;0.000000;0.000000;0.000000;2.000000;20.236938;794.343018;2016.096313;0.514813;0.000000;0.000000;0.000000;0.000000;2.000000;-14.009338;-164.620499;2081.002441;0.108691;0.000000;0.000000;0.000000;0.000000;2.000000;-102.654480;204.009796;2226.480957;0.359295;0.000000;0.000000;0.000000;0.000000;2.000000;-39.300293;590.371460;2255.605469;1.384128;0.000000;0.000000;0.000000;0.000000;2.000000;-145.599487;729.001892;2266.426025;1.816643;0.000000;0.000000;0.000000;0.000000;2.000000;-14.525757;-772.073425;1924.825928;0.294605;0.000000;0.000000;0.000000;0.000000;2.000000;-159.062256;-831.679382;1878.109009;0.710982;0.000000;0.000000;0.000000;0.000000;2.000000;-117.274353;-869.137939;1887.120483;0.623094;0.000000;0.000000;0.000000;0.000000;2.000000;11.295532;-865.797485;1881.565308;0.196067;0.000000;0.000000;0.000000;0.000000;2.000000;-143.547241;-845.073547;1926.483887;0.726166;0.000000;0.000000;0.000000;0.000000;2.000000;-59.739197;-798.103210;2018.526367;0.708284;0.000000;0.000000;0.000000;0.000000;2.000000;4722633216.000000
0.000000;-150.000000;2000.000000;0.000000;0.000000;0.000000;0.000000;0.000000;2.000000;8.387878;-328.203339;1967.773560;0.070075;0.000000;0.000000;0.000000;0.000000;2.000000;13.210327;-470.682068;1941.667725;0.149684;0.000000;0.000000;0.000000;0.000000;2.000000;-1.008911;-690.692261;1933.709229;0.101025;0.000000;0.000000;0.000000;0.000000;2.000000;8.222534;-653.874329;1901.461182;0.059861;0.000000;0.000000;0.000000;0.000000;2.000000;-3.987915;-601.835266;1766.391235;0.066053;0.000000;0.000000;0.000000;0.000000;2.000000;-96.463867;-337.721252;1743.057495;0.403404;0.000000;0.000000;0.000000;0.000000;2.000000;-289.380066;-205.223175;1770.884521;0.767232;0.000000;0.000000;0.000000;0.000000;2.000000;-336.994934;-125.678406;1802.186157;0.922576;0.000000;0.000000;0.000000;0.000000;2.000000;-404.918182;-45.365974;1833.688477;1.432847;0.000000;0.000000;0.000000;0.000000;2.000000;-370.705261;-142.789871;1841.027954;0.949865;0.000000;0.000000;0.000000;0.000000;2.000000;-3.424866;-654.950623;1968.837036;0.072939;0.000000;0.000000;0.000000;0.000000;2.000000;-35.893372;-597.786377;2085.183105;0.199078;0.000000;0.000000;0.000000;0.000000;2.000000;-108.436829;-327.012360;2027.884155;0.328775;0.000000;0.000000;0.000000;0.000000;2.000000;-229.115051;-204.677002;1862.255737;0.606853;0.000000;0.000000;0.000000;0.000000;2.000000;-283.511047;-136.564148;1803.082153;1.282073;0.000000;0.000000;0.000000;0.000000;2.000000;-341.985687;-52.265762;1769.577637;2.222067;0.000000;0.000000;0.000000;0.000000;2.000000;-304.813080;-155.099228;1761.834595;0.842557;0.000000;0.000000;0.000000;0.000000;2.000000;16.174194;-133.028168;1910.360229;0.030316;0.000000;0.000000;0.000000;0.000000;2.000000;34.233826;269.075806;1969.307373;0.415176;0.000000;0.000000;0.000000;0.000000;2.000000;139.751587;637.617798;2034.045776;0.424913;0.000000;0.000000;0.000000;0.000000;2.000000;32.309448;793.266174;2012.392334;0.380823;0.000000;0.000000;0.000000;0.000000;2.000000;-14.584961;-165.304260;2080.832031;0.027341;0.000000;0.000000;0.000000;0.000000;2.000000;-107.893738;204.141541;2222.025879;0.206688;0.000000;0.000000;0.000000;0.000000;2.000000;-87.409424;592.910767;2274.788574;1.558139;0.000000;0.000000;0.000000;0.000000;2.000000;-212.565063;712.128723;2303.062256;2.349004;0.000000;0.000000;0.000000;0.000000;2.000000;-19.682373;-771.400330;1928.454590;0.190541;0.000000;0.000000;0.000000;0.000000;2.000000;-164.670593;-829.283142;1880.600464;0.197959;0.000000;0.000000;0.000000;0.000000;2.000000;-123.537537;-867.310486;1890.445313;0.220032;0.000000;0.000000;0.000000;0.000000;2.000000;5.209900;-865.973450;1886.335938;0.232411;0.000000;0.000000;0.000000;0.000000;2.000000;-149.902710;-842.462830;1929.305420;0.223184;0.000000;0.000000;0.000000;0.000000;2.000000;-66.381287;-795.871643;2021.928833;0.234055;0.000000;0.000000;0.000000;0.000000;2.000000;4722666496.000000
0.000000;-150.000000;2000.000000;0.000000;0.000000;0.000000;0.000000;0.000000;2.000000;2.505554;-327.200439;1966.546875;0.183052;0.000000;0.000000;0.000000;0.000000;2.000000;6.696472;-468.881592;1940.154053;0.208099;0.000000;0.000000;0.000000;0.000000;2.000000;-9.661316;-687.600281;1932.337769;0.279149;0.000000;0.000000;0.000000;0.000000;2.000000;0.284058;-651.115173;1900.322388;0.254841;0.000000;0.000000;0.000000;0.000000;2.000000;-13.577881;-599.253662;1766.154663;0.298503;0.000000;0.000000;0.000000;0.000000;2.000000;-112.131226;-338.206329;1752.799316;0.554552;0.000000;0.000000;0.000000;0.000000;2.000000;-300.176117;-205.863220;1798.587769;0.893613;0.000000;0.000000;0.000000;0.000000;2.000000;-345.673767;-126.616074;1832.131226;0.937244;0.000000;0.000000;0.000000;0.000000;2.000000;-394.614563;-38.951637;1875.155640;1.298283;0.000000;0.000000;0.000000;0.000000;2.000000;-379.809174;-114.294388;1854.761963;0.989078;0.000000;0.000000;0.000000;0.000000;2.000000;-12.100159;-651.973816;1967.209473;0.279901;0.000000;0.000000;0.000000;0.000000;2.000000;-46.375916;-595.105042;2082.382080;0.335839;0.000000;0.000000;0.000000;0.000000;2.000000;-109.650391;-329.475067;2002.042114;0.780874;0.000000;0.000000;0.000000;0.000000;2.000000;-213.871643;-270.392914;1797.054199;2.819109;0.000000;0.000000;0.000000;0.000000;2.000000;-269.217529;-181.443970;1793.908813;1.441886;0.000000;0.000000;0.000000;0.000000;2.000000;-326.167511;-90.977295;1783.906494;1.328286;0.000000;0.000000;0.000000;0.000000;2.000000;-275.351196;-175.647156;1774.516479;1.144611;0.000000;0.000000;0.000000;0.000000;2.000000;14.500244;-132.915680;1910.590820;0.050886;0.000000;0.000000;0.000000;0.000000;2.000000;36.906433;267.255035;1966.609253;0.126552;0.000000;0.000000;0.000000;0.000000;2.000000;139.161926;632.353943;2042.972778;0.311903;0.000000;0.000000;0.000000;0.000000;2.000000;35.467346;787.412781;2010.285522;0.209634;0.000000;0.000000;0.000000;0.000000;2.000000;-13.075439;-165.405701;2080.624268;0.045887;0.000000;0.000000;0.000000;0.000000;2.000000;-108.229431;207.887482;2203.189941;0.577156;0.000000;0.000000;0.000000;0.000000;2.000000;-127.786804;589.749939;2284.104248;1.248752;0.000000;0.000000;0.000000;0.000000;2.000000;-268.014771;691.383850;2303.225586;1.778949;0.000000;0.000000;0.000000;0.000000;2.000000;-29.020508;-767.696838;1926.989990;0.305046;0.000000;0.000000;0.000000;0.000000;2.000000;-172.023560;-832.432373;1885.208618;0.277386;0.000000;0.000000;0.000000;0.000000;2.000000;-129.183838;-868.245300;1894.355469;0.208274;0.000000;0.000000;0.000000;0.000000;2.000000;-1.482971;-861.430542;1886.049927;0.243212;0.000000;0.000000;0.000000;0.000000;2.000000;-155.229553;-843.924438;1933.388062;0.206392;0.000000;0.000000;0.000000;0.000000;2.000000;-71.367188;-792.179749;2021.886108;0.186422;0.000000;0.000000;0.000000;0.000000;2.000000;4722699776.000000
0.000000;-150.000000;2000.000000;0.000000;0.000000;0.000000;0.000000;0.000000;2.000000;-0.203186;-327.070587;1967.697510;0.087176;0.000000;0.000000;0.000000;0.000000;2.000000;2.344055;-468.675812;1942.252930;0.143124;0.000000;0.000000;0.000000;0.000000;2.000000;-10.938538;-687.066406;1931.943848;0.042592;0.000000;0.000000;0.000000;0.000000;2.000000;-2.146729;-650.109741;1900.284546;0.077852;0.000000;0.000000;0.000000;0.000000;2.000000;-7.841797;-596.086426;1766.681885;0.194531;0.000000;0.000000;0.000000;0.000000;2.000000;-109.531311;-336.518707;1762.961914;0.314417;0.000000;0.000000;0.000000;0.000000;2.000000;-290.286652;-196.135834;1811.707886;0.565030;0.000000;0.000000;0.000000;0.000000;2.000000;-329.515625;-117.581833;1853.281982;0.831793;0.000000;0.000000;0.000000;0.000000;2.000000;-375.384827;-32.424995;1903.568848;1.033501;0.000000;0.000000;0.000000;0.000000;2.000000;-360.775604;-95.950241;1868.416138;0.880465;0.000000;0.000000;0.000000;0.000000;2.000000;-13.237366;-651.991943;1967.241577;0.033671;0.000000;0.000000;0.000000;0.000000;2.000000;-33.585632;-600.506714;2087.820801;0.441269;0.000000;0.000000;0.000000;0.000000;2.000000;-103.961548;-348.624725;1976.908203;0.950102;0.000000;0.000000;0.000000;0.000000;2.000000;-209.991211;-268.873444;1780.570313;0.503152;0.000000;0.000000;0.000000;0.000000;2.000000;-239.192932;-175.881256;1818.537354;1.160923;0.000000;0.000000;0.000000;0.000000;2.000000;-313.139465;-98.435776;1814.493408;1.008293;0.000000;0.000000;0.000000;0.000000;2.000000;-293.941650;-168.091736;1804.246216;1.061448;0.000000;0.000000;0.000000;0.000000;2.000000;12.836304;-133.666168;1910.383179;0.054366;0.000000;0.000000;0.000000;0.000000;2.000000;50.000122;265.266296;1961.417358;0.420963;0.000000;0.000000;0.000000;0.000000;2.000000;155.670959;629.341187;2034.080078;0.562033;0.000000;0.000000;0.000000;0.000000;2.000000;53.492798;785.602051;2004.662354;0.561340;0.000000;0.000000;0.000000;0.000000;2.000000;-11.575073;-164.728943;2080.811279;0.049021;0.000000;0.000000;0.000000;0.000000;2.000000;-101.702820;213.547409;2188.355469;0.508009;0.000000;0.000000;0.000000;0.000000;2.000000;-163.006470;586.088867;2286.348633;1.049967;0.000000;0.000000;0.000000;0.000000;2.000000;-315.972992;667.015503;2303.428711;1.591930;0.000000;0.000000;0.000000;0.000000;2.000000;-29.188110;-767.209351;1925.936646;0.034704;0.000000;0.000000;0.000000;0.000000;2.000000;-172.512207;-832.259033;1887.087769;0.057687;0.000000;0.000000;0.000000;0.000000;2.000000;-129.905396;-867.946289;1897.085205;0.084022;0.000000;0.000000;0.000000;0.000000;2.000000;-2.470520;-862.145508;1887.863281;0.064663;0.000000;0.000000;0.000000;0.000000;2.000000;-155.534241;-842.319580;1935.411133;0.076948;0.000000;0.000000;0.000000;0.000000;2.000000;-71.031921;-788.431885;2021.601685;0.111670;0.000000;0.000000;0.000000;0.000000;2.000000;4722733568.000000
0.000000;-150.000000;2000.000000;0.000000;0.000000;0.000000;0.000000;0.000000;2.000000;5.934937;-330.201355;1973.151978;0.264063;0.000000;0.000000;0.000000;0.000000;2.000000;11.419373;-474.250793;1951.779419;0.429378;0.000000;0.000000;0.000000;0.000000;2.000000;-3.295898;-695.246765;1939.444702;0.404915;0.000000;0.000000;0.000000;0.000000;2.000000;4.257507;-657.477966;1907.435181;0.363615;0.000000;0.000000;0.000000;0.000000;2.000000;-12.851685;-596.517151;1775.809692;0.313137;0.000000;0.000000;0.000000;0.000000;2.000000;-100.202148;-328.059082;1770.901123;0.447333;0.000000;0.000000;0.000000;0.000000;2.000000;-279.236023;-183.036118;1826.361328;0.677544;0.000000;0.000000;0.000000;0.000000;2.000000;-316.192596;-106.583542;1876.054199;0.858891;0.000000;0.000000;0.000000;0.000000;2.000000;-361.147827;-23.950569;1933.847900;1.037128;0.000000;0.000000;0.000000;0.000000;2.000000;-346.819855;-85.072189;1890.807495;0.857539;0.000000;0.000000;0.000000;0.000000;2.000000;-3.847961;-660.134399;1975.664795;0.451133;0.000000;0.000000;0.000000;0.000000;2.000000;-23.804077;-609.939087;2098.701172;0.523070;0.000000;0.000000;0.000000;0.000000;2.000000;-107.370667;-366.122253;1970.876953;0.565480;0.000000;0.000000;0.000000;0.000000;2.000000;-196.594421;-243.657852;1784.777100;0.867238;0.000000;0.000000;0.000000;0.000000;2.000000;-234.152527;-161.624420;1840.296265;0.796197;0.000000;0.000000;0.000000;0.000000;2.000000;-317.074097;-91.671204;1837.585449;0.732633;0.000000;0.000000;0.000000;0.000000;2.000000;-267.304352;-145.025620;1822.677856;1.194885;0.000000;0.000000;0.000000;0.000000;2.000000;11.007629;-136.012497;1908.550537;0.104987;0.000000;0.000000;0.000000;0.000000;2.000000;57.936951;267.659576;1955.070190;0.313722;0.000000;0.000000;0.000000;0.000000;2.000000;175.034241;634.834412;2020.566406;0.728461;0.000000;0.000000;0.000000;0.000000;2.000000;68.004944;792.064514;1999.047607;0.506282;0.000000;0.000000;0.000000;0.000000;2.000000;-9.926025;-162.613129;2082.464111;0.094677;0.000000;0.000000;0.000000;0.000000;2.000000;-113.425903;218.459244;2187.484375;0.382822;0.000000;0.000000;0.000000;0.000000;2.000000;-187.567566;594.350159;2283.712891;0.782661;0.000000;0.000000;0.000000;0.000000;2.000000;-346.874817;669.343872;2287.241699;1.050550;0.000000;0.000000;0.000000;0.000000;2.000000;-22.330872;-776.278076;1933.292358;0.406894;0.000000;0.000000;0.000000;0.000000;2.000000;-168.881775;-825.919434;1878.380859;0.341520;0.000000;0.000000;0.000000;0.000000;2.000000;-128.693420;-866.011719;1885.322876;0.360030;0.000000;0.000000;0.000000;0.000000;2.000000;0.800598;-867.872375;1882.909912;0.247843;0.000000;0.000000;0.000000;0.000000;2.000000;-155.105103;-843.888367;1926.149536;0.282552;0.000000;0.000000;0.000000;0.000000;2.000000;-71.289612;-807.860657;2024.121582;0.588738;0.000000;0.000000;0.000000;0.000000;2.000000;4722766848.000000
0.000000;-150.000000;2000.000000;0.000000;0.000000;0.000000;0.000000;0.000000;2.000000;-0.173950;-330.156006;1974.919189;0.191092;0.000000;0.000000;0.000000;0.000000;2.000000;2.815735;-474.223785;1955.397949;0.280458;0.000000;0.000000;0.000000;0.000000;2.000000;-12.237915;-694.826050;1945.212524;0.319987;0.000000;0.000000;0.000000;0.000000;2.000000;-4.029602;-657.506470;1913.006958;0.300062;0.000000;0.000000;0.000000;0.000000;2.000000;-7.300110;-597.977295;1780.011475;0.213758;0.000000;0.000000;0.000000;0.000000;2.000000;-88.780945;-328.351135;1786.547607;0.582144;0.000000;0.000000;0.000000;0.000000;2.000000;-258.337463;-176.273575;1850.120117;0.972259;0.000000;0.000000;0.000000;0.000000;2.000000;-294.874969;-101.240509;1901.825684;1.017720;0.000000;0.000000;0.000000;0.000000;2.000000;-319.885834;-20.448944;1972.422485;1.700523;0.000000;0.000000;0.000000;0.000000;2.000000;-326.913696;-82.543930;1921.143433;1.092906;0.000000;0.000000;0.000000;0.000000;2.000000;-13.340698;-659.397949;1980.958252;0.327338;0.000000;0.000000;0.000000;0.000000;2.000000;-27.280823;-616.451660;2107.208496;0.338459;0.000000;0.000000;0.000000;0.000000;2.000000;-98.787781;-370.976196;1976.668579;0.343613;0.000000;0.000000;0.000000;0.000000;2.000000;-181.723083;-236.406921;1796.790894;0.614381;0.000000;0.000000;0.000000;0.000000;2.000000;-230.356110;-163.808762;1856.275269;0.497849;0.000000;0.000000;0.000000;0.000000;2.000000;-305.982819;-89.503006;1878.303711;1.269756;0.000000;0.000000;0.000000;0.000000;2.000000;-252.564880;-146.252258;1841.593994;0.721515;0.000000;0.000000;0.000000;0.000000;2.000000;15.536377;-137.376404;1909.216431;0.143519;0.000000;0.000000;0.000000;0.000000;2.000000;66.632751;265.419373;1950.938110;0.297020;0.000000;0.000000;0.000000;0.000000;2.000000;192.009094;628.647095;2018.066528;0.548061;0.000000;0.000000;0.000000;0.000000;2.000000;97.915833;793.353027;1995.703979;0.905191;0.000000;0.000000;0.000000;0.000000;2.000000;-14.009827;-161.383270;2081.863525;0.129419;0.000000;0.000000;0.000000;0.000000;2.000000;-115.977783;221.997498;2175.987305;0.369498;0.000000;0.000000;0.000000;0.000000;2.000000;-185.027100;600.186279;2263.070068;0.649094;0.000000;0.000000;0.000000;0.000000;2.000000;-341.183868;680.121460;2273.413086;0.553875;0.000000;0.000000;0.000000;0.000000;2.000000;-31.336243;-775.696655;1939.608398;0.330975;0.000000;0.000000;0.000000;0.000000;2.000000;-170.666870;-818.669678;1864.904175;0.462942;0.000000;0.000000;0.000000;0.000000;2.000000;-134.077942;-860.523438;1877.791748;0.323393;0.000000;0.000000;0.000000;0.000000;2.000000;-6.102295;-868.881226;1893.854370;0.389988;0.000000;0.000000;0.000000;0.000000;2.000000;-164.775879;-836.544922;1914.181152;0.512311;0.000000;0.000000;0.000000;0.000000;2.000000;-94.131775;-803.356812;2022.588867;0.701092;0.000000;0.000000;0.000000;0.000000;2.000000;4722800128.000000
0.000000;-150.000000;2000.000000;0.000000;0.000000;0.000000;0.000000;0.000000;2.000000;-0.789612;-329.639008;1977.057739;0.068650;0.000000;0.000000;0.000000;0.000000;2.000000;-3.708008;-473.151184;1958.160156;0.215299;0.000000;0.000000;0.000000;0.000000;2.000000;-17.218750;-692.854126;1947.339966;0.173196;0.000000;0.000000;0.000000;0.000000;2.000000;-7.992188;-655.636658;1915.633545;0.153502;0.000000;0.000000;0.000000;0.000000;2.000000;-5.781433;-593.265015;1784.629150;0.203430;0.000000;0.000000;0.000000;0.000000;2.000000;-91.467896;-327.391998;1810.285278;0.718405;0.000000;0.000000;0.000000;0.000000;2.000000;-240.047821;-156.560196;1874.876221;1.098294;0.000000;0.000000;0.000000;0.000000;2.000000;-270.459534;-82.272873;1930.652588;1.270176;0.000000;0.000000;0.000000;0.000000;2.000000;-271.969818;5.796986;1996.016724;1.788172;0.000000;0.000000;0.000000;0.000000;2.000000;-294.057526;-52.090416;1948.074707;1.570637;0.000000;0.000000;0.000000;0.000000;2.000000;-19.866638;-657.610413;1982.877441;0.211335;0.000000;0.000000;0.000000;0.000000;2.000000;-38.665466;-615.861816;2108.276855;0.344046;0.000000;0.000000;0.000000;0.000000;2.000000;-94.866394;-362.742004;1988.001099;0.437099;0.000000;0.000000;0.000000;0.000000;2.000000;-167.624268;-214.183228;1816.302612;0.984448;0.000000;0.000000;0.000000;0.000000;2.000000;-217.968018;-145.961243;1878.656738;0.937254;0.000000;0.000000;0.000000;0.000000;2.000000;-281.772095;-70.671661;1922.066406;1.605803;0.000000;0.000000;0.000000;0.000000;2.000000;-234.533905;-127.220322;1866.770020;1.092182;0.000000;0.000000;0.000000;0.000000;2.000000;22.190430;-138.712280;1910.852295;0.209771;0.000000;0.000000;0.000000;0.000000;2.000000;75.938721;261.869110;1953.171265;0.306715;0.000000;0.000000;0.000000;0.000000;2.000000;207.062073;621.157410;2020.649170;0.511133;0.000000;0.000000;0.000000;0.000000;2.000000;117.584473;786.523438;1992.157471;0.634631;0.000000;0.000000;0.000000;0.000000;2.000000;-20.010071;-160.178635;2080.388428;0.189160;0.000000;0.000000;0.000000;0.000000;2.000000;-121.853882;221.565445;2173.603760;0.190980;0.000000;0.000000;0.000000;0.000000;2.000000;-188.745178;598.431091;2260.336426;0.148358;0.000000;0.000000;0.000000;0.000000;2.000000;-338.240814;689.232544;2256.004883;0.596981;0.000000;0.000000;0.000000;0.000000;2.000000;-35.609741;-773.459656;1940.989258;0.150762;0.000000;0.000000;0.000000;0.000000;2.000000;-175.930725;-841.743713;1893.512573;1.115654;0.000000;0.000000;0.000000;0.000000;2.000000;-133.123474;-876.805786;1906.412476;0.989842;0.000000;0.000000;0.000000;0.000000;2.000000;-4.702881;-868.664001;1905.002441;0.337670;0.000000;0.000000;0.000000;0.000000;2.000000;-161.697144;-851.302917;1943.153809;0.981378;0.000000;0.000000;0.000000;0.000000;2.000000;-83.170349;-795.091064;2034.601440;0.548143;0.000000;0.000000;0.000000;0.000000;2.000000;4722833408.000000
0.000000;-150.000000;2000.000000;0.000000;0.000000;0.000000;0.000000;0.000000;2.000000;-3.359558;-331.445831;1980.303589;0.135732;0.000000;0.000000;0.000000;0.000000;2.000000;-8.768311;-476.353943;1963.898560;0.249224;0.000000;0.000000;0.000000;0.000000;2.000000;-24.876099;-697.564209;1951.546265;0.298238;0.000000;0.000000;0.000000;0.000000;2.000000;-14.754272;-659.982910;1919.917480;0.273698;0.000000;0.000000;0.000000;0.000000;2.000000;-7.160095;-592.075806;1790.592041;0.187340;0.000000;0.000000;0.000000;0.000000;2.000000;-79.945496;-320.616241;1821.570557;0.525656;0.000000;0.000000;0.000000;0.000000;2.000000;-215.207489;-135.439667;1882.661743;1.007276;0.000000;0.000000;0.000000;0.000000;2.000000;-229.353027;-53.992134;1936.267090;1.508721;0.000000;0.000000;0.000000;0.000000;2.000000;-275.605530;33.139679;1986.189697;0.879856;0.000000;0.000000;0.000000;0.000000;2.000000;-242.862885;-11.377556;1944.188599;1.968901;0.000000;0.000000;0.000000;0.000000;2.000000;-27.549255;-662.213989;1987.538696;0.303386;0.000000;0.000000;0.000000;0.000000;2.000000;-51.747559;-620.879822;2113.285645;0.447110;0.000000;0.000000;0.000000;0.000000;2.000000;-95.230835;-367.121704;1983.989990;0.178789;0.000000;0.000000;0.000000;0.000000;2.000000;-143.666016;-191.964874;1826.740845;1.030702;0.000000;0.000000;0.000000;0.000000;2.000000;-196.928589;-128.862701;1893.338013;0.926416;0.000000;0.000000;0.000000;0.000000;2.000000;-258.587708;-56.163193;1945.518188;1.082564;0.000000;0.000000;0.000000;0.000000;2.000000;-221.262756;-107.548538;1878.452026;0.794754;0.000000;0.000000;0.000000;0.000000;2.000000;22.310608;-140.632141;1909.896362;0.064545;0.000000;0.000000;0.000000;0.000000;2.000000;83.977112;262.687103;1946.201050;0.320641;0.000000;0.000000;0.000000;0.000000;2.000000;222.486328;622.112183;2016.033325;0.484627;0.000000;0.000000;0.000000;0.000000;2.000000;132.632996;787.197693;1978.407959;0.612835;0.000000;0.000000;0.000000;0.000000;2.000000;-20.118469;-158.447403;2081.250488;0.058204;0.000000;0.000000;0.000000;0.000000;2.000000;-132.059692;225.324249;2168.512695;0.360835;0.000000;0.000000;0.000000;0.000000;2.000000;-187.380981;609.104065;2246.880371;0.517699;0.000000;0.000000;0.000000;0.000000;2.000000;-339.076172;698.898254;2241.594238;0.521999;0.000000;0.000000;0.000000;0.000000;2.000000;-44.296570;-778.547913;1944.454834;0.319926;0.000000;0.000000;0.000000;0.000000;2.000000;-184.042816;-829.645691;1874.509277;0.719458;0.000000;0.000000;0.000000;0.000000;2.000000;-144.297363;-869.386047;1885.503296;0.746440;0.000000;0.000000;0.000000;0.000000;2.000000;-15.052734;-869.866882;1896.488525;0.404315;0.000000;0.000000;0.000000;0.000000;2.000000;-175.064880;-847.637085;1923.479248;0.723169;0.000000;0.000000;0.000000;0.000000;2.000000;-102.106689;-810.967590;2029.801025;0.756408;0.000000;0.000000;0.000000;0.000000;2.000000;4722866688.000000
0.000000;-150.000000;2000.000000;0.000000;0.000000;0.000000;0.000000;0.000000;2.000000;-2.737854;-330.819763;1982.661865;0.075659;0.000000;0.000000;0.000000;0.000000;2.000000;-7.735779;-475.241760;1968.141602;0.135405;0.000000;0.000000;0.000000;0.000000;2.000000;-27.086182;-695.178467;1956.800537;0.185676;0.000000;0.000000;0.000000;0.000000;2.000000;-15.872864;-658.127380;1925.294189;0.174184;0.000000;0.000000;0.000000;0.000000;2.000000;-5.751953;-593.701416;1795.152466;0.151506;0.000000;0.000000;0.000000;0.000000;2.000000;-59.011169;-318.591064;1820.894775;0.632299;0.000000;0.000000;0.000000;0.000000;2.000000;-190.792633;-135.668350;1891.278564;0.778000;0.000000;0.000000;0.000000;0.000000;2.000000;-193.712769;-62.696518;1956.710327;1.261991;0.000000;0.000000;0.000000;0.000000;2.000000;-181.801392;-0.744095;2046.859741;3.507807;0.000000;0.000000;0.000000;0.000000;2.000000;-218.516479;-13.415504;1958.295776;0.847714;0.000000;0.000000;0.000000;0.000000;2.000000;-29.797546;-659.750305;1992.372681;0.176472;0.000000;0.000000;0.000000;0.000000;2.000000;-62.898865;-619.107117;2115.604492;0.346363;0.000000;0.000000;0.000000;0.000000;2.000000;-90.301697;-367.610291;1980.668091;0.179209;0.000000;0.000000;0.000000;0.000000;2.000000;-114.969116;-180.607971;1833.617798;0.950101;0.000000;0.000000;0.000000;0.000000;2.000000;-173.209137;-120.515686;1897.988647;0.768381;0.000000;0.000000;0.000000;0.000000;2.000000;-236.757172;-50.130531;1949.995850;0.693723;0.000000;0.000000;0.000000;0.000000;2.000000;-196.352234;-100.203262;1885.647827;0.809776;0.000000;0.000000;0.000000;0.000000;2.000000;21.504517;-141.701263;1910.056396;0.040519;0.000000;0.000000;0.000000;0.000000;2.000000;90.150879;258.655273;1944.532593;0.227166;0.000000;0.000000;0.000000;0.000000;2.000000;236.543762;614.969727;2002.796631;0.618608;0.000000;0.000000;0.000000;0.000000;2.000000;150.867004;784.173462;1982.265259;0.567347;0.000000;0.000000;0.000000;0.000000;2.000000;-19.391602;-157.483337;2081.105957;0.036538;0.000000;0.000000;0.000000;0.000000;2.000000;-134.580994;224.170486;2164.174805;0.154698;0.000000;0.000000;0.000000;0.000000;2.000000;-176.396545;609.184814;2234.964600;0.486973;0.000000;0.000000;0.000000;0.000000;2.000000;-320.950958;708.730896;2234.512695;0.655126;0.000000;0.000000;0.000000;0.000000;2.000000;-47.581360;-775.496033;1949.859131;0.211001;0.000000;0.000000;0.000000;0.000000;2.000000;-186.854645;-823.674744;1878.752075;0.235758;0.000000;0.000000;0.000000;0.000000;2.000000;-145.935059;-862.863281;1884.949829;0.202763;0.000000;0.000000;0.000000;0.000000;2.000000;-17.114014;-860.453674;1892.943115;0.308527;0.000000;0.000000;0.000000;0.000000;2.000000;-176.204926;-845.885681;1925.323242;0.083744;0.000000;0.000000;0.000000;0.000000;2.000000;-102.044495;-817.494812;2032.536011;0.212660;0.000000;0.000000;0.000000;0.000000;2.000000;4722899968.000000
0.000000;-150.000000;2000.000000;0.000000;0.000000;0.000000;0.000000;0.000000;2.000000;-5.860352;-330.724609;1981.504639;0.100102;0.000000;0.000000;0.000000;0.000000;2.000000;-12.438110;-475.074280;1966.171387;0.153280;0.000000;0.000000;0.000000;0.000000;2.000000;-34.082153;-695.039856;1957.680176;0.211912;0.000000;0.000000;0.000000;0.000000;2.000000;-21.090942;-658.651245;1926.044189;0.159185;0.000000;0.000000;0.000000;0.000000;2.000000;-1.579041;-595.944702;1796.048340;0.144881;0.000000;0.000000;0.000000;0.000000;2.000000;-38.639282;-318.045013;1821.828125;0.612998;0.000000;0.000000;0.000000;0.000000;2.000000;-164.263031;-130.742844;1892.360596;0.811438;0.000000;0.000000;0.000000;0.000000;2.000000;-169.619659;-60.198105;1960.326416;0.735899;0.000000;0.000000;0.000000;0.000000;2.000000;-160.603088;-1.354782;2052.930176;0.662825;0.000000;0.000000;0.000000;0.000000;2.000000;-196.187012;-21.801384;1972.609741;0.835865;0.000000;0.000000;0.000000;0.000000;2.000000;-37.830139;-658.959290;1992.531738;0.242579;0.000000;0.000000;0.000000;0.000000;2.000000;-70.371399;-613.407654;2114.261719;0.285260;0.000000;0.000000;0.000000;0.000000;2.000000;-90.496948;-358.080292;1985.045532;0.315177;0.000000;0.000000;0.000000;0.000000;2.000000;-113.926453;-163.889511;1847.198120;0.647966;0.000000;0.000000;0.000000;0.000000;2.000000;-155.733826;-100.791992;1920.879028;1.048837;0.000000;0.000000;0.000000;0.000000;2.000000;-175.195831;-48.417938;2013.547119;2.659127;0.000000;0.000000;0.000000;0.000000;2.000000;-186.755249;-75.165985;1906.464355;1.019996;0.000000;0.000000;0.000000;0.000000;2.000000;26.218994;-141.768555;1911.259888;0.146218;0.000000;0.000000;0.000000;0.000000;2.000000;96.370544;259.075439;1938.824219;0.253984;0.000000;0.000000;0.000000;0.000000;2.000000;247.821167;613.997009;1993.913452;0.432355;0.000000;0.000000;0.000000;0.000000;2.000000;172.664307;788.315125;1974.065186;0.710761;0.000000;0.000000;0.000000;0.000000;2.000000;-23.642883;-157.422668;2080.020996;0.131850;0.000000;0.000000;0.000000;0.000000;2.000000;-130.569031;227.695129;2159.078613;0.221807;0.000000;0.000000;0.000000;0.000000;2.000000;-165.554230;614.038269;2227.416504;0.422905;0.000000;0.000000;0.000000;0.000000;2.000000;-306.058594;719.372864;2226.778809;0.597078;0.000000;0.000000;0.000000;0.000000;2.000000;-55.292175;-775.255981;1951.217529;0.235374;0.000000;0.000000;0.000000;0.000000;2.000000;-197.823425;-813.296204;1880.226440;0.455902;0.000000;0.000000;0.000000;0.000000;2.000000;-160.650940;-855.778931;1888.309570;0.501031;0.000000;0.000000;0.000000;0.000000;2.000000;-32.145813;-864.696716;1897.721802;0.490800;0.000000;0.000000;0.000000;0.000000;2.000000;-189.613983;-834.657471;1927.710815;0.530394;0.000000;0.000000;0.000000;0.000000;2.000000;-114.054077;-809.122009;2034.749634;0.444908;0.000000;0.000000;0.000000;0.000000;2.000000;4722933248.000000
0.000000;-150.000000;2000.000000;0.000000;0.000000;0.000000;0.000000;0.000000;2.000000;2.642456;-330.994873;1975.475830;0.313304;0.000000;0.000000;0.000000;0.000000;2.000000;0.070923;-475.426941;1954.057739;0.523338;0.000000;0.000000;0.000000;0.000000;2.000000;-17.764587;-696.969666;1950.252441;0.541831;0.000000;0.000000;0.000000;0.000000;2.000000;-1.005066;-661.239075;1919.251343;0.641850;0.000000;0.000000;0.000000;0.000000;2.000000;29.573547;-598.578247;1790.557739;0.953791;0.000000;0.000000;0.000000;0.000000;2.000000;-15.026611;-320.306641;1815.721069;0.736006;0.000000;0.000000;0.000000;0.000000;2.000000;-118.789734;-109.722214;1851.540283;1.941763;0.000000;0.000000;0.000000;0.000000;2.000000;-114.752411;-39.823372;1920.955688;2.119529;0.000000;0.000000;0.000000;0.000000;2.000000;-96.362305;16.656971;2014.294189;2.316635;0.000000;0.000000;0.000000;0.000000;2.000000;-137.647461;6.071083;1930.251709;2.327118;0.000000;0.000000;0.000000;0.000000;2.000000;-26.600464;-659.663757;1983.206055;0.439124;0.000000;0.000000;0.000000;0.000000;2.000000;-85.545227;-597.100159;2086.852295;1.061278;0.000000;0.000000;0.000000;0.000000;2.000000;-94.499023;-327.240845;1985.802490;0.934713;0.000000;0.000000;0.000000;0.000000;2.000000;-112.353699;-121.133682;1863.191406;1.372483;0.000000;0.000000;0.000000;0.000000;2.000000;-127.681030;-57.525726;1946.788818;1.734023;0.000000;0.000000;0.000000;0.000000;2.000000;-119.355896;-9.335037;2043.919800;2.242173;0.000000;0.000000;0.000000;0.000000;2.000000;-140.466736;-10.431587;1904.043945;2.392368;0.000000;0.000000;0.000000;0.000000;2.000000;33.996521;-137.838043;1913.904297;0.273638;0.000000;0.000000;0.000000;0.000000;2.000000;105.037415;265.317017;1934.798950;0.342963;0.000000;0.000000;0.000000;0.000000;2.000000;275.899292;614.190674;1985.310303;0.882428;0.000000;0.000000;0.000000;0.000000;2.000000;206.627930;791.156982;1959.284302;1.116268;0.000000;0.000000;0.000000;0.000000;2.000000;-30.656189;-160.966980;2077.636230;0.246753;0.000000;0.000000;0.000000;0.000000;2.000000;-137.705170;224.925293;2162.980713;0.258174;0.000000;0.000000;0.000000;0.000000;2.000000;-137.683563;616.604675;2220.347656;0.867411;0.000000;0.000000;0.000000;0.000000;2.000000;-268.653412;734.499329;2210.712891;1.304956;0.000000;0.000000;0.000000;0.000000;2.000000;-37.079041;-778.085815;1943.731812;0.597770;0.000000;0.000000;0.000000;0.000000;2.000000;-177.943665;-828.131653;1875.014648;0.761621;0.000000;0.000000;0.000000;0.000000;2.000000;-138.993561;-868.408691;1887.056763;0.754274;0.000000;0.000000;0.000000;0.000000;2.000000;-9.696594;-871.255615;1898.118896;0.702858;0.000000;0.000000;0.000000;0.000000;2.000000;-169.327515;-845.045532;1924.470459;0.691728;0.000000;0.000000;0.000000;0.000000;2.000000;-95.576416;-807.121948;2029.917725;0.577026;0.000000;0.000000;0.000000;0.000000;2.000000;4722966528.000000
0.000000;-150.000000;2000.000000;0.000000;0.000000;0.000000;0.000000;0.000000;2.000000;2.615051;-330.842407;1973.943237;0.046286;0.000000;0.000000;0.000000;0.000000;2.000000;1.494568;-475.209595;1951.649780;0.084308;0.000000;0.000000;0.000000;0.000000;2.000000;-19.260681;-696.517578;1945.437744;0.152104;0.000000;0.000000;0.000000;0.000000;2.000000;-0.201355;-660.859375;1915.679810;0.110592;0.000000;0.000000;0.000000;0.000000;2.000000;37.456848;-595.979309;1789.941284;0.250106;0.000000;0.000000;0.000000;0.000000;2.000000;-7.356445;-317.018738;1806.777466;0.367558;0.000000;0.000000;0.000000;0.000000;2.000000;-103.521881;-101.589661;1834.627319;0.726949;0.000000;0.000000;0.000000;0.000000;2.000000;-89.740875;-30.620171;1901.713501;0.987726;0.000000;0.000000;0.000000;0.000000;2.000000;-77.264771;41.570778;1984.666748;1.297019;0.000000;0.000000;0.000000;0.000000;2.000000;-118.719757;21.288673;1894.747437;1.292552;0.000000;0.000000;0.000000;0.000000;2.000000;-29.477661;-659.250488;1978.059937;0.177593;0.000000;0.000000;0.000000;0.000000;2.000000;-96.583069;-597.121399;2076.954590;0.445481;0.000000;0.000000;0.000000;0.000000;2.000000;-97.789429;-323.450012;1985.998535;0.150947;0.000000;0.000000;0.000000;0.000000;2.000000;-105.269806;-106.854736;1881.588501;0.731424;0.000000;0.000000;0.000000;0.000000;2.000000;-118.674591;-50.322105;1970.477783;0.791683;0.000000;0.000000;0.000000;0.000000;2.000000;-114.060669;-5.348778;2069.422363;0.791760;0.000000;0.000000;0.000000;0.000000;2.000000;-108.954834;-16.175278;1949.810425;1.678545;0.000000;0.000000;0.000000;0.000000;2.000000;39.025024;-137.347198;1916.101929;0.165555;0.000000;0.000000;0.000000;0.000000;2.000000;104.902588;267.197266;1927.640869;0.222420;0.000000;0.000000;0.000000;0.000000;2.000000;280.349487;614.403198;1974.827393;0.342259;0.000000;0.000000;0.000000;0.000000;2.000000;212.566833;792.867676;1955.505859;0.217664;0.000000;0.000000;0.000000;0.000000;2.000000;-35.190613;-161.409576;2075.654541;0.149288;0.000000;0.000000;0.000000;0.000000;2.000000;-129.634613;227.772690;2161.590820;0.260525;0.000000;0.000000;0.000000;0.000000;2.000000;-126.128326;619.653137;2218.382813;0.363913;0.000000;0.000000;0.000000;0.000000;2.000000;-255.812958;738.863037;2206.691895;0.425037;0.000000;0.000000;0.000000;0.000000;2.000000;-39.325256;-777.333252;1937.296265;0.206061;0.000000;0.000000;0.000000;0.000000;2.000000;-185.793610;-820.436829;1875.842285;0.331234;0.000000;0.000000;0.000000;0.000000;2.000000;-147.955719;-862.487488;1885.147461;0.327822;0.000000;0.000000;0.000000;0.000000;2.000000;-18.436951;-870.845520;1888.946045;0.380916;0.000000;0.000000;0.000000;0.000000;2.000000;-175.179993;-838.484253;1924.521973;0.264192;0.000000;0.000000;0.000000;0.000000;2.000000;-94.170532;-805.310974;2026.234985;0.130350;0.000000;0.000000;0.000000;0.000000;2.000000;4722999808.000000
0.000000;-150.000000;2000.000000;0.000000;0.000000;0.000000;0.000000;0.000000;2.000000;4.661865;-331.220886;1980.432983;0.204789;0.000000;0.000000;0.000000;0.000000;2.000000;2.807556;-475.852112;1962.366333;0.324994;0.000000;0.000000;0.000000;0.000000;2.000000;-11.431396;-697.268433;1960.088867;0.499663;0.000000;0.000000;0.000000;0.000000;2.000000;7.846985;-661.768982;1930.465454;0.506574;0.000000;0.000000;0.000000;0.000000;2.000000;51.952820;-603.778442;1803.828369;0.647123;0.000000;0.000000;0.000000;0.000000;2.000000;31.089722;-322.149170;1800.017212;1.183044;0.000000;0.000000;0.000000;0.000000;2.000000;-73.555725;-109.457184;1799.050049;1.417559;0.000000;0.000000;0.000000;0.000000;2.000000;-65.843567;-15.447769;1827.119141;2.397377;0.000000;0.000000;0.000000;0.000000;2.000000;-51.138428;77.254364;1885.305298;3.268010;0.000000;0.000000;0.000000;0.000000;2.000000;-94.074219;17.666553;1831.531128;2.041683;0.000000;0.000000;0.000000;0.000000;2.000000;-24.056946;-659.732422;1991.362427;0.431870;0.000000;0.000000;0.000000;0.000000;2.000000;-91.649231;-596.731323;2088.969482;0.390455;0.000000;0.000000;0.000000;0.000000;2.000000;-84.797607;-328.619080;1984.660522;0.422063;0.000000;0.000000;0.000000;0.000000;2.000000;-79.263184;-105.736618;1895.700684;0.889722;0.000000;0.000000;0.000000;0.000000;2.000000;-90.846558;-44.911903;1981.691528;0.916056;0.000000;0.000000;0.000000;0.000000;2.000000;-102.982880;26.528660;2062.510986;1.035092;0.000000;0.000000;0.000000;0.000000;2.000000;-92.050293;7.174118;1882.485840;2.200610;0.000000;0.000000;0.000000;0.000000;2.000000;37.274963;-139.884033;1915.191162;0.096565;0.000000;0.000000;0.000000;0.000000;2.000000;99.595886;264.306335;1927.424683;0.181698;0.000000;0.000000;0.000000;0.000000;2.000000;292.426697;601.644104;1971.205688;0.539001;0.000000;0.000000;0.000000;0.000000;2.000000;241.557556;785.871948;1959.765747;0.905215;0.000000;0.000000;0.000000;0.000000;2.000000;-33.612488;-159.122009;2076.475830;0.087077;0.000000;0.000000;0.000000;0.000000;2.000000;-122.524719;229.166687;2167.962402;0.289915;0.000000;0.000000;0.000000;0.000000;2.000000;-98.159149;620.669556;2215.531738;0.845327;0.000000;0.000000;0.000000;0.000000;2.000000;-224.181244;743.270325;2204.635742;0.961640;0.000000;0.000000;0.000000;0.000000;2.000000;-28.820251;-778.603516;1952.873779;0.565852;0.000000;0.000000;0.000000;0.000000;2.000000;-168.208069;-822.230286;1877.785400;0.534352;0.000000;0.000000;0.000000;0.000000;2.000000;-132.424011;-864.254822;1892.811890;0.523131;0.000000;0.000000;0.000000;0.000000;2.000000;-4.522339;-874.123657;1910.988281;0.789426;0.000000;0.000000;0.000000;0.000000;2.000000;-163.257721;-838.319641;1927.911011;0.372467;0.000000;0.000000;0.000000;0.000000;2.000000;-93.317200;-802.047241;2036.185669;0.315714;0.000000;0.000000;0.000000;0.000000;2.000000;4723033088.000000
0.000000;-150.000000;2000.000000;0.000000;0.000000;0.000000;0.000000;0.000000;2.000000;10.691589;-332.796143;1986.491089;0.257202;0.000000;0.000000;0.000000;0.000000;2.000000;12.580078;-478.936401;1972.886719;0.434615;0.000000;0.000000;0.000000;0.000000;2.000000;0.065613;-701.988770;1969.183350;0.455741;0.000000;0.000000;0.000000;0.000000;2.000000;19.733826;-665.932190;1939.897705;0.465649;0.000000;0.000000;0.000000;0.000000;2.000000;70.520996;-614.960266;1811.575195;0.681164;0.000000;0.000000;0.000000;0.000000;2.000000;63.932922;-331.571960;1788.560181;1.066462;0.000000;0.000000;0.000000;0.000000;2.000000;-27.871429;-112.530609;1764.699951;1.693895;0.000000;0.000000;0.000000;0.000000;2.000000;-19.756378;-18.281532;1794.230103;1.677614;0.000000;0.000000;0.000000;0.000000;2.000000;-8.591736;74.299896;1854.813965;1.551485;0.000000;0.000000;0.000000;0.000000;2.000000;-57.584473;17.286568;1780.844116;1.848264;0.000000;0.000000;0.000000;0.000000;2.000000;-13.521667;-664.459473;2000.631592;0.438188;0.000000;0.000000;0.000000;0.000000;2.000000;-77.542786;-605.841919;2104.474121;0.676368;0.000000;0.000000;0.000000;0.000000;2.000000;-77.626007;-335.206360;2000.899414;0.560333;0.000000;0.000000;0.000000;0.000000;2.000000;-77.467743;-108.721573;1916.444092;0.622450;0.000000;0.000000;0.000000;0.000000;2.000000;-83.774689;-38.495377;1996.531494;0.522217;0.000000;0.000000;0.000000;0.000000;2.000000;-85.880707;39.176155;2073.411621;0.707303;0.000000;0.000000;0.000000;0.000000;2.000000;-59.308899;4.485153;1888.274170;0.987147;0.000000;0.000000;0.000000;0.000000;2.000000;36.272461;-141.513382;1913.871094;0.068783;0.000000;0.000000;0.000000;0.000000;2.000000;95.580994;266.110657;1922.423462;0.197158;0.000000;0.000000;0.000000;0.000000;2.000000;303.226501;597.365295;1969.246216;0.348622;0.000000;0.000000;0.000000;0.000000;2.000000;271.243835;787.116455;1957.266602;0.882377;0.000000;0.000000;0.000000;0.000000;2.000000;-32.708496;-157.652756;2077.666260;0.062025;0.000000;0.000000;0.000000;0.000000;2.000000;-111.300446;233.078644;2180.306641;0.507124;0.000000;0.000000;0.000000;0.000000;2.000000;-61.924347;626.274658;2216.035645;1.085145;0.000000;0.000000;0.000000;0.000000;2.000000;-183.741455;753.962708;2198.085693;1.252935;0.000000;0.000000;0.000000;0.000000;2.000000;-16.654968;-783.987366;1961.177124;0.464075;0.000000;0.000000;0.000000;0.000000;2.000000;-160.585205;-834.784058;1897.521240;0.728012;0.000000;0.000000;0.000000;0.000000;2.000000;-118.689148;-874.024475;1902.327515;0.572787;0.000000;0.000000;0.000000;0.000000;2.000000;11.728271;-870.664795;1903.636597;0.537656;0.000000;0.000000;0.000000;0.000000;2.000000;-147.258911;-856.333313;1944.352173;0.863160;0.000000;0.000000;0.000000;0.000000;2.000000;-67.030487;-825.284058;2048.185059;1.097301;0.000000;0.000000;0.000000;0.000000;2.000000;4723066880.000000
0.000000;-150.000000;2000.000000;0.000000;0.000000;0.000000;0.000000;0.000000;2.000000;6.120728;-332.794403;1980.332397;0.230456;0.000000;0.000000;0.000000;0.000000;2.000000;3.245972;-478.494019;1960.583374;0.464234;0.000000;0.000000;0.000000;0.000000;2.000000;-0.556824;-702.204468;1953.532104;0.470706;0.000000;0.000000;0.000000;0.000000;2.000000;18.124023;-664.918640;1924.984985;0.451730;0.000000;0.000000;0.000000;0.000000;2.000000;77.127441;-613.553101;1800.062012;0.401092;0.000000;0.000000;0.000000;0.000000;2.000000;71.416077;-332.216980;1755.298950;1.024601;0.000000;0.000000;0.000000;0.000000;2.000000;-4.126007;-109.819656;1710.313843;1.785029;0.000000;0.000000;0.000000;0.000000;2.000000;0.728760;-18.269508;1748.428467;1.507632;0.000000;0.000000;0.000000;0.000000;2.000000;13.647095;69.041183;1816.420166;1.342548;0.000000;0.000000;0.000000;0.000000;2.000000;-45.471985;11.826553;1745.282349;1.140705;0.000000;0.000000;0.000000;0.000000;2.000000;-16.041504;-665.625488;1985.375244;0.465954;0.000000;0.000000;0.000000;0.000000;2.000000;-76.878510;-619.927063;2097.613525;0.471190;0.000000;0.000000;0.000000;0.000000;2.000000;-95.818146;-341.538666;2017.435547;0.762828;0.000000;0.000000;0.000000;0.000000;2.000000;-116.154907;-117.338684;1928.167847;1.241970;0.000000;0.000000;0.000000;0.000000;2.000000;-115.736450;-60.845200;2018.923828;1.351324;0.000000;0.000000;0.000000;0.000000;2.000000;-122.947998;29.226292;2080.794189;1.174371;0.000000;0.000000;0.000000;0.000000;2.000000;-96.329132;-5.285370;1922.585938;1.544851;0.000000;0.000000;0.000000;0.000000;2.000000;43.453247;-139.644135;1917.273926;0.245287;0.000000;0.000000;0.000000;0.000000;2.000000;74.601013;270.947144;1888.441040;1.208798;0.000000;0.000000;0.000000;0.000000;2.000000;302.792786;589.877197;1931.267334;1.163235;0.000000;0.000000;0.000000;0.000000;2.000000;284.586975;781.894592;1920.796631;1.177396;0.000000;0.000000;0.000000;0.000000;2.000000;-39.183685;-159.338333;2074.597900;0.221183;0.000000;0.000000;0.000000;0.000000;2.000000;-107.581360;238.250153;2159.834717;0.644232;0.000000;0.000000;0.000000;0.000000;2.000000;-46.392181;630.735535;2193.367920;0.836489;0.000000;0.000000;0.000000;0.000000;2.000000;-165.780945;760.088562;2168.906250;1.045891;0.000000;0.000000;0.000000;0.000000;2.000000;-13.997833;-784.815979;1944.113892;0.519494;0.000000;0.000000;0.000000;0.000000;2.000000;-147.430969;-836.436768;1860.555176;1.180035;0.000000;0.000000;0.000000;0.000000;2.000000;-110.860077;-876.936523;1879.343994;0.734807;0.000000;0.000000;0.000000;0.000000;2.000000;16.929016;-881.259583;1906.491699;0.364869;0.000000;0.000000;0.000000;0.000000;2.000000;-145.250061;-851.062927;1911.810303;0.992399;0.000000;0.000000;0.000000;0.000000;2.000000;-83.648987;-808.712524;2024.336182;1.005403;0.000000;0.000000;0.000000;0.000000;2.000000;4723100160.000000
0.000000;-150.000000;2000.000000;0.000000;0.000000;0.000000;0.000000;0.000000;2.000000;5.166931;-332.147949;1980.774658;0.037085;0.000000;0.000000;0.000000;0.000000;2.000000;-0.317627;-477.111267;1960.437744;0.114941;0.000000;0.000000;0.000000;0.000000;2.000000;-10.519806;-699.722595;1952.703125;0.309521;0.000000;0.000000;0.000000;0.000000;2.000000;9.678070;-663.078613;1924.712280;0.259867;0.000000;0.000000;0.000000;0.000000;2.000000;72.112213;-615.553406;1800.617676;0.163099;0.000000;0.000000;0.000000;0.000000;2.000000;76.588898;-336.451721;1749.281128;0.270275;0.000000;0.000000;0.000000;0.000000;2.000000;10.384857;-113.306305;1698.605835;0.569963;0.000000;0.000000;0.000000;0.000000;2.000000;24.065094;-25.874344;1742.757202;0.756938;0.000000;0.000000;0.000000;0.000000;2.000000;49.368744;53.061981;1816.546631;1.175870;0.000000;0.000000;0.000000;0.000000;2.000000;-6.100250;-11.359161;1771.342285;1.580549;0.000000;0.000000;0.000000;0.000000;2.000000;-25.434631;-662.923950;1984.246094;0.295640;0.000000;0.000000;0.000000;0.000000;2.000000;-89.444244;-617.888550;2094.328369;0.395044;0.000000;0.000000;0.000000;0.000000;2.000000;-103.334717;-338.666382;2020.355225;0.257211;0.000000;0.000000;0.000000;0.000000;2.000000;-117.764801;-112.506790;1937.686157;0.324376;0.000000;0.000000;0.000000;0.000000;2.000000;-121.642303;-57.733398;2028.922241;0.361241;0.000000;0.000000;0.000000;0.000000;2.000000;-135.835358;34.728241;2085.035400;0.439918;0.000000;0.000000;0.000000;0.000000;2.000000;-103.773254;0.851875;1933.237915;0.431842;0.000000;0.000000;0.000000;0.000000;2.000000;43.272308;-140.069443;1917.543945;0.016084;0.000000;0.000000;0.000000;0.000000;2.000000;70.133392;269.087982;1887.104370;0.150849;0.000000;0.000000;0.000000;0.000000;2.000000;300.378998;585.516846;1922.713623;0.297468;0.000000;0.000000;0.000000;0.000000;2.000000;276.873383;776.342041;1915.365234;0.328928;0.000000;0.000000;0.000000;0.000000;2.000000;-39.020569;-158.954803;2074.354492;0.014503;0.000000;0.000000;0.000000;0.000000;2.000000;-106.399048;237.607239;2157.377686;0.084179;0.000000;0.000000;0.000000;0.000000;2.000000;-40.545227;627.861267;2189.612549;0.225963;0.000000;0.000000;0.000000;0.000000;2.000000;-158.283813;757.316467;2162.837402;0.301564;0.000000;0.000000;0.000000;0.000000;2.000000;-26.147949;-781.559753;1942.845947;0.379887;0.000000;0.000000;0.000000;0.000000;2.000000;-153.489166;-838.037903;1854.350098;0.264983;0.000000;0.000000;0.000000;0.000000;2.000000;-115.306793;-876.758301;1872.992676;0.233031;0.000000;0.000000;0.000000;0.000000;2.000000;11.221222;-874.551147;1903.624023;0.278339;0.000000;0.000000;0.000000;0.000000;2.000000;-151.885498;-853.960693;1905.020264;0.298265;0.000000;0.000000;0.000000;0.000000;2.000000;-96.207672;-811.655457;2019.990845;0.408989;0.000000;0.000000;0.000000;0.000000;2.000000;4723133440.000000
0.000000;-150.000000;2000.000000;0.000000;0.000000;0.000000;0.000000;0.000000;2.000000;3.370453;-331.202881;1981.184814;0.062227;0.000000;0.000000;0.000000;0.000000;2.000000;-2.284882;-475.340515;1960.907837;0.080776;0.000000;0.000000;0.000000;0.000000;2.000000;-13.241272;-696.708313;1954.453247;0.132876;0.000000;0.000000;0.000000;0.000000;2.000000;8.351990;-660.593933;1927.334106;0.115621;0.000000;0.000000;0.000000;0.000000;2.000000;79.445831;-619.014771;1806.782593;0.306091;0.000000;0.000000;0.000000;0.000000;2.000000;89.630890;-347.439880;1730.635254;0.759273;0.000000;0.000000;0.000000;0.000000;2.000000;29.658142;-128.934616;1661.563599;1.339696;0.000000;0.000000;0.000000;0.000000;2.000000;50.162384;-36.744041;1688.991211;1.825282;0.000000;0.000000;0.000000;0.000000;2.000000;74.422577;53.852947;1747.149658;2.217104;0.000000;0.000000;0.000000;0.000000;2.000000;-10.759552;-9.844910;1667.771606;3.115580;0.000000;0.000000;0.000000;0.000000;2.000000;-29.363312;-659.791870;1984.787231;0.151846;0.000000;0.000000;0.000000;0.000000;2.000000;-96.214935;-616.127991;2092.789307;0.215238;0.000000;0.000000;0.000000;0.000000;2.000000;-112.115112;-333.068970;2044.598999;0.792829;0.000000;0.000000;0.000000;0.000000;2.000000;-129.079498;-104.251556;1974.623535;1.187010;0.000000;0.000000;0.000000;0.000000;2.000000;-128.781738;-45.496689;2062.717529;1.101101;0.000000;0.000000;0.000000;0.000000;2.000000;-164.090912;43.807335;2113.162109;1.228639;0.000000;0.000000;0.000000;0.000000;2.000000;-142.294312;-32.646835;2075.759277;4.548923;0.000000;0.000000;0.000000;0.000000;2.000000;49.795807;-140.956680;1921.827637;0.236013;0.000000;0.000000;0.000000;0.000000;2.000000;30.673920;264.873230;1875.898560;1.239054;0.000000;0.000000;0.000000;0.000000;2.000000;288.613495;555.793579;1914.877197;0.988992;0.000000;0.000000;0.000000;0.000000;2.000000;287.971222;746.629883;1901.125854;1.044677;0.000000;0.000000;0.000000;0.000000;2.000000;-44.903046;-158.154755;2070.491699;0.212822;0.000000;0.000000;0.000000;0.000000;2.000000;-102.275085;237.491989;2154.070801;0.158874;0.000000;0.000000;0.000000;0.000000;2.000000;-27.230896;624.041626;2183.461914;0.455396;0.000000;0.000000;0.000000;0.000000;2.000000;-143.618988;753.052673;2155.204346;0.513022;0.000000;0.000000;0.000000;0.000000;2.000000;-28.731842;-778.084839;1944.546997;0.139797;0.000000;0.000000;0.000000;0.000000;2.000000;-139.053650;-844.176575;1842.593994;0.589029;0.000000;0.000000;0.000000;0.000000;2.000000;-99.923798;-879.323486;1864.986084;0.526761;0.000000;0.000000;0.000000;0.000000;2.000000;21.004150;-866.044983;1909.298950;0.425226;0.000000;0.000000;0.000000;0.000000;2.000000;-141.553680;-860.660461;1892.734985;0.522665;0.000000;0.000000;0.000000;0.000000;2.000000;-103.329407;-815.633484;2012.808228;0.326591;0.000000;0.000000;0.000000;0.000000;2.000000;4723166720.000000
0.000000;-150.000000;2000.000000;0.000000;0.000000;0.000000;0.000000;0.000000;2.000000;4.890930;-331.817383;1983.708374;0.090433;0.000000;0.000000;0.000000;0.000000;2.000000;1.446411;-476.652313;1965.716064;0.187078;0.000000;0.000000;0.000000;0.000000;2.000000;-13.611847;-698.189087;1956.893433;0.086487;0.000000;0.000000;0.000000;0.000000;2.000000;8.920807;-662.134277;1930.259033;0.100791;0.000000;0.000000;0.000000;0.000000;2.000000;82.938385;-623.742310;1810.018921;0.201616;0.000000;0.000000;0.000000;0.000000;2.000000;106.013092;-353.424042;1729.997314;0.524417;0.000000;0.000000;0.000000;0.000000;2.000000;40.906769;-139.141647;1651.226196;0.552081;0.000000;0.000000;0.000000;0.000000;2.000000;51.412811;-41.460907;1659.146240;0.908692;0.000000;0.000000;0.000000;0.000000;2.000000;63.097015;61.577713;1697.606934;1.544606;0.000000;0.000000;0.000000;0.000000;2.000000;-0.214813;-20.412224;1648.697144;0.727818;0.000000;0.000000;0.000000;0.000000;2.000000;-29.325195;-661.203003;1987.541260;0.092991;0.000000;0.000000;0.000000;0.000000;2.000000;-98.837372;-616.541016;2093.811523;0.085480;0.000000;0.000000;0.000000;0.000000;2.000000;-128.182892;-329.873627;2088.867188;1.418338;0.000000;0.000000;0.000000;0.000000;2.000000;-164.020508;-98.986649;2032.267944;2.031630;0.000000;0.000000;0.000000;0.000000;2.000000;-214.448563;-67.937256;2120.332764;3.174576;0.000000;0.000000;0.000000;0.000000;2.000000;-276.347473;1.937469;2176.053223;4.065929;0.000000;0.000000;0.000000;0.000000;2.000000;-204.260803;-52.410919;2127.023438;2.488460;0.000000;0.000000;0.000000;0.000000;2.000000;52.437042;-141.711197;1923.238037;0.092783;0.000000;0.000000;0.000000;0.000000;2.000000;23.416473;265.042603;1882.956909;0.304243;0.000000;0.000000;0.000000;0.000000;2.000000;285.386200;553.393677;1922.813110;0.267333;0.000000;0.000000;0.000000;0.000000;2.000000;269.876007;742.334106;1893.983765;0.598628;0.000000;0.000000;0.000000;0.000000;2.000000;-47.284760;-157.474350;2069.219727;0.083669;0.000000;0.000000;0.000000;0.000000;2.000000;-102.784637;239.983749;2149.836182;0.148428;0.000000;0.000000;0.000000;0.000000;2.000000;-11.621368;624.324341;2173.883057;0.550374;0.000000;0.000000;0.000000;0.000000;2.000000;-125.397919;756.130127;2145.459229;0.627743;0.000000;0.000000;0.000000;0.000000;2.000000;-30.571655;-779.336792;1946.009033;0.080008;0.000000;0.000000;0.000000;0.000000;2.000000;-153.200104;-847.609985;1860.255005;0.687715;0.000000;0.000000;0.000000;0.000000;2.000000;-110.805817;-882.192261;1877.258667;0.500338;0.000000;0.000000;0.000000;0.000000;2.000000;15.143677;-867.065552;1904.565186;0.228435;0.000000;0.000000;0.000000;0.000000;2.000000;-148.568939;-863.849854;1910.447510;0.580418;0.000000;0.000000;0.000000;0.000000;2.000000;-94.733856;-817.494995;2024.194702;0.432317;0.000000;0.000000;0.000000;0.000000;2.000000;4723200000.000000
0.000000;-150.000000;2000.000000;0.000000;0.000000;0.000000;0.000000;0.000000;2.000000;7.437592;-334.188354;1986.306641;0.130486;0.000000;0.000000;0.000000;0.000000;2.000000;4.401825;-481.006775;1969.790527;0.199988;0.000000;0.000000;0.000000;0.000000;2.000000;-0.483429;-705.779724;1962.539429;0.486232;0.000000;0.000000;0.000000;0.000000;2.000000;17.890137;-668.357117;1933.539063;0.342510;0.000000;0.000000;0.000000;0.000000;2.000000;89.801544;-629.252563;1810.100464;0.264479;0.000000;0.000000;0.000000;0.000000;2.000000;131.519745;-358.806519;1725.857544;0.793120;0.000000;0.000000;0.000000;0.000000;2.000000;69.881592;-141.072189;1644.979736;0.892527;0.000000;0.000000;0.000000;0.000000;2.000000;55.039581;-50.731766;1605.328613;1.644549;0.000000;0.000000;0.000000;0.000000;2.000000;50.855804;60.423809;1592.643555;3.175513;0.000000;0.000000;0.000000;0.000000;2.000000;24.058014;-24.820656;1614.481323;1.267490;0.000000;0.000000;0.000000;0.000000;2.000000;-15.275757;-668.995911;1994.868896;0.530594;0.000000;0.000000;0.000000;0.000000;2.000000;-79.827209;-633.448608;2109.480469;0.897814;0.000000;0.000000;0.000000;0.000000;2.000000;-127.072235;-404.540253;2284.061035;6.279758;0.000000;0.000000;0.000000;0.000000;2.000000;-211.020767;-192.284363;2368.441406;10.577866;0.000000;0.000000;0.000000;0.000000;2.000000;-258.757141;-112.179001;2421.772461;9.251025;0.000000;0.000000;0.000000;0.000000;2.000000;-259.985535;-5.420509;2448.435547;8.202298;0.000000;0.000000;0.000000;0.000000;2.000000;-237.215851;-65.920059;2405.950195;8.449264;0.000000;0.000000;0.000000;0.000000;2.000000;49.882050;-142.050339;1920.163574;0.120550;0.000000;0.000000;0.000000;0.000000;2.000000;-16.675507;263.331909;1862.856079;1.348599;0.000000;0.000000;0.000000;0.000000;2.000000;249.660248;551.669189;1918.235474;1.083512;0.000000;0.000000;0.000000;0.000000;2.000000;234.735870;742.716675;1887.351074;1.074599;0.000000;0.000000;0.000000;0.000000;2.000000;-44.980865;-157.168564;2071.992188;0.108706;0.000000;0.000000;0.000000;0.000000;2.000000;-109.623505;244.126953;2152.377930;0.252112;0.000000;0.000000;0.000000;0.000000;2.000000;13.377838;625.256409;2161.009277;0.845395;0.000000;0.000000;0.000000;0.000000;2.000000;-97.564240;761.546997;2129.243652;0.981520;0.000000;0.000000;0.000000;0.000000;2.000000;-14.511536;-788.726135;1953.247192;0.599817;0.000000;0.000000;0.000000;0.000000;2.000000;-139.965790;-843.469299;1858.466431;0.420127;0.000000;0.000000;0.000000;0.000000;2.000000;-98.690765;-881.754700;1872.386719;0.392587;0.000000;0.000000;0.000000;0.000000;2.000000;28.888123;-874.493042;1902.772827;0.472520;0.000000;0.000000;0.000000;0.000000;2.000000;-136.646332;-865.248047;1907.335693;0.372629;0.000000;0.000000;0.000000;0.000000;2.000000;-82.032928;-832.700745;2027.279053;0.602493;0.000000;0.000000;0.000000;0.000000;2.000000;4723233280.000000
0.000000;-150.000000;2000.000000;0.000000;0.000000;0.000000;0.000000;0.000000;2.000000;7.694183;-335.861267;1987.632813;0.064608;0.000000;0.000000;0.000000;0.000000;2.000000;5.628693;-484.138123;1972.686035;0.133349;0.000000;0.000000;0.000000;0.000000;2.000000;3.974823;-710.981262;1969.499756;0.293455;0.000000;0.000000;0.000000;0.000000;2.000000;21.977966;-673.513000;1939.575073;0.268299;0.000000;0.000000;0.000000;0.000000;2.000000;96.421295;-636.620789;1815.428223;0.337953;0.000000;0.000000;0.000000;0.000000;2.000000;147.245331;-367.385193;1724.218872;0.540509;0.000000;0.000000;0.000000;0.000000;2.000000;90.475311;-149.095871;1635.505127;0.722560;0.000000;0.000000;0.000000;0.000000;2.000000;72.046539;-59.523376;1593.523560;0.675840;0.000000;0.000000;0.000000;0.000000;2.000000;60.883057;49.752983;1567.372559;0.877607;0.000000;0.000000;0.000000;0.000000;2.000000;37.894135;-35.002373;1606.468506;0.569576;0.000000;0.000000;0.000000;0.000000;2.000000;-11.497742;-673.513794;2001.420166;0.264703;0.000000;0.000000;0.000000;0.000000;2.000000;-79.710754;-637.571716;2115.179199;0.211384;0.000000;0.000000;0.000000;0.000000;2.000000;-154.023651;-411.971008;2288.837402;0.852226;0.000000;0.000000;0.000000;0.000000;2.000000;-262.497681;-211.081268;2378.928955;1.676560;0.000000;0.000000;0.000000;0.000000;2.000000;-314.680603;-135.799423;2436.791992;1.879133;0.000000;0.000000;0.000000;0.000000;2.000000;-360.638977;-55.009201;2497.447266;3.679178;0.000000;0.000000;0.000000;0.000000;2.000000;-319.911316;-103.058411;2428.674805;2.808202;0.000000;0.000000;0.000000;0.000000;2.000000;50.013519;-142.555801;1919.239868;0.031885;0.000000;0.000000;0.000000;0.000000;2.000000;-37.304749;262.775818;1863.621826;0.620521;0.000000;0.000000;0.000000;0.000000;2.000000;225.817474;558.616333;1919.219604;0.746808;0.000000;0.000000;0.000000;0.000000;2.000000;189.458282;746.957764;1880.104004;1.383702;0.000000;0.000000;0.000000;0.000000;2.000000;-45.099365;-156.712738;2072.824951;0.028748;0.000000;0.000000;0.000000;0.000000;2.000000;-115.830658;247.179916;2153.465088;0.210404;0.000000;0.000000;0.000000;0.000000;2.000000;28.008881;624.720520;2153.279541;0.497478;0.000000;0.000000;0.000000;0.000000;2.000000;-90.319733;756.893921;2122.133789;0.335523;0.000000;0.000000;0.000000;0.000000;2.000000;-8.960205;-794.990906;1961.647583;0.356334;0.000000;0.000000;0.000000;0.000000;2.000000;-131.941925;-835.811523;1854.851196;0.350539;0.000000;0.000000;0.000000;0.000000;2.000000;-89.556091;-875.274170;1863.050415;0.438132;0.000000;0.000000;0.000000;0.000000;2.000000;38.213959;-870.315735;1897.687744;0.342968;0.000000;0.000000;0.000000;0.000000;2.000000;-128.992737;-865.889526;1899.680054;0.325849;0.000000;0.000000;0.000000;0.000000;2.000000;-77.315125;-853.196777;2025.830688;0.633468;0.000000;0.000000;0.000000;0.000000;2.000000;4723266560.000000
0.000000;-150.000000;2000.000000;0.000000;0.000000;0.000000;0.000000;0.000000;2.000000;6.347229;-335.466248;1986.100586;0.062440;0.000000;0.000000;0.000000;0.000000;2.000000;4.587891;-483.468506;1971.073730;0.061074;0.000000;0.000000;0.000000;0.000000;2.000000;1.291046;-709.815369;1964.646362;0.170289;0.000000;0.000000;0.000000;0.000000;2.000000;19.121185;-672.109131;1935.077148;0.165574;0.000000;0.000000;0.000000;0.000000;2.000000;95.971252;-634.508362;1812.949829;0.098782;0.000000;0.000000;0.000000;0.000000;2.000000;155.721344;-365.887878;1727.146118;0.273179;0.000000;0.000000;0.000000;0.000000;2.000000;105.676849;-148.198196;1634.204712;0.459238;0.000000;0.000000;0.000000;0.000000;2.000000;84.221252;-59.892342;1591.420044;0.371412;0.000000;0.000000;0.000000;0.000000;2.000000;71.854431;50.301140;1571.213623;0.349677;0.000000;0.000000;0.000000;0.000000;2.000000;49.485138;-36.668953;1601.863281;0.378101;0.000000;0.000000;0.000000;0.000000;2.000000;-13.456940;-672.777283;1997.253052;0.140121;0.000000;0.000000;0.000000;0.000000;2.000000;-77.104248;-633.095215;2112.110596;0.180912;0.000000;0.000000;0.000000;0.000000;2.000000;-179.801178;-418.426941;2284.255371;0.810271;0.000000;0.000000;0.000000;0.000000;2.000000;-313.397217;-233.446732;2373.457520;1.678640;0.000000;0.000000;0.000000;0.000000;2.000000;-375.050537;-161.053848;2424.978027;1.998115;0.000000;0.000000;0.000000;0.000000;2.000000;-458.182312;-93.563965;2453.405762;3.418202;0.000000;0.000000;0.000000;0.000000;2.000000;-364.794800;-138.903076;2449.729004;1.838256;0.000000;0.000000;0.000000;0.000000;2.000000;47.351776;-142.225189;1917.880615;0.090353;0.000000;0.000000;0.000000;0.000000;2.000000;-60.350891;258.537048;1871.295898;0.740905;0.000000;0.000000;0.000000;0.000000;2.000000;183.190216;570.375549;1923.392700;1.334614;0.000000;0.000000;0.000000;0.000000;2.000000;139.883453;758.883606;1895.544312;1.600830;0.000000;0.000000;0.000000;0.000000;2.000000;-42.699188;-157.010864;2074.050781;0.081476;0.000000;0.000000;0.000000;0.000000;2.000000;-113.709717;249.080276;2137.711426;0.481039;0.000000;0.000000;0.000000;0.000000;2.000000;39.888245;621.894104;2145.166992;0.440511;0.000000;0.000000;0.000000;0.000000;2.000000;-72.136383;758.680664;2112.540771;0.620078;0.000000;0.000000;0.000000;0.000000;2.000000;-12.318726;-793.459778;1955.774414;0.208435;0.000000;0.000000;0.000000;0.000000;2.000000;-136.699066;-828.150818;1848.906982;0.324534;0.000000;0.000000;0.000000;0.000000;2.000000;-97.936981;-870.555420;1859.304077;0.310152;0.000000;0.000000;0.000000;0.000000;2.000000;29.123199;-874.817078;1895.687866;0.310680;0.000000;0.000000;0.000000;0.000000;2.000000;-136.840118;-856.481995;1894.839355;0.395809;0.000000;0.000000;0.000000;0.000000;2.000000;-85.971161;-843.058716;2020.975220;0.426305;0.000000;0.000000;0.000000;0.000000;2.000000;4723299840.000000
0.000000;-150.000000;2000.000000;0.000000;0.000000;0.000000;0.000000;0.000000;2.000000;1.413971;-336.847656;1983.755737;0.169295;0.000000;0.000000;0.000000;0.000000;2.000000;-3.615540;-485.865356;1967.899048;0.273948;0.000000;0.000000;0.000000;0.000000;2.000000;-6.061829;-714.043152;1963.042725;0.259374;0.000000;0.000000;0.000000;0.000000;2.000000;12.197357;-676.194397;1933.220703;0.247920;0.000000;0.000000;0.000000;0.000000;2.000000;89.323364;-640.720459;1809.208618;0.295605;0.000000;0.000000;0.000000;0.000000;2.000000;163.011902;-373.042786;1723.653564;0.324384;0.000000;0.000000;0.000000;0.000000;2.000000;117.290710;-152.652267;1629.882813;0.395677;0.000000;0.000000;0.000000;0.000000;2.000000;100.246368;-58.980743;1595.485229;0.497530;0.000000;0.000000;0.000000;0.000000;2.000000;87.668060;49.629211;1564.662231;0.514729;0.000000;0.000000;0.000000;0.000000;2.000000;51.450043;-34.778923;1605.513550;0.136900;0.000000;0.000000;0.000000;0.000000;2.000000;-21.517303;-676.529114;1995.418945;0.272776;0.000000;0.000000;0.000000;0.000000;2.000000;-90.935699;-642.803955;2110.130127;0.511251;0.000000;0.000000;0.000000;0.000000;2.000000;-216.337646;-435.083984;2279.692871;1.214324;0.000000;0.000000;0.000000;0.000000;2.000000;-379.167053;-264.518066;2352.932617;2.271040;0.000000;0.000000;0.000000;0.000000;2.000000;-445.088379;-194.338089;2404.020508;2.413659;0.000000;0.000000;0.000000;0.000000;2.000000;-522.676819;-129.473465;2451.352295;2.218934;0.000000;0.000000;0.000000;0.000000;2.000000;-435.736572;-156.185501;2411.803223;2.472316;0.000000;0.000000;0.000000;0.000000;2.000000;40.722534;-142.178009;1913.573608;0.237550;0.000000;0.000000;0.000000;0.000000;2.000000;-96.300079;253.721970;1873.308594;1.091527;0.000000;0.000000;0.000000;0.000000;2.000000;130.129883;582.053650;1925.382324;1.633614;0.000000;0.000000;0.000000;0.000000;2.000000;65.271454;765.779358;1896.618286;2.251733;0.000000;0.000000;0.000000;0.000000;2.000000;-36.721313;-157.053436;2077.934570;0.214208;0.000000;0.000000;0.000000;0.000000;2.000000;-110.124786;252.348984;2139.202393;0.152504;0.000000;0.000000;0.000000;0.000000;2.000000;48.141327;626.698547;2134.746094;0.424722;0.000000;0.000000;0.000000;0.000000;2.000000;-69.153839;760.596069;2100.862305;0.366723;0.000000;0.000000;0.000000;0.000000;2.000000;-19.360748;-798.455933;1954.524902;0.262148;0.000000;0.000000;0.000000;0.000000;2.000000;-147.461029;-817.038696;1845.974854;0.473099;0.000000;0.000000;0.000000;0.000000;2.000000;-111.513306;-863.064880;1853.179810;0.500940;0.000000;0.000000;0.000000;0.000000;2.000000;16.093262;-878.951538;1888.200562;0.468338;0.000000;0.000000;0.000000;0.000000;2.000000;-149.416443;-848.567566;1890.252930;0.467281;0.000000;0.000000;0.000000;0.000000;2.000000;-96.653412;-847.339233;2017.483032;0.361363;0.000000;0.000000;0.000000;0.000000;2.000000;4723333120.000000
0.000000;-150.000000;2000.000000;0.000000;0.000000;0.000000;0.000000;0.000000;2.000000;4.984314;-336.708344;1978.957642;0.177034;0.000000;0.000000;0.000000;0.000000;2.000000;4.391724;-485.730591;1959.703613;0.339092;0.000000;0.000000;0.000000;0.000000;2.000000;-1.658630;-714.326111;1954.816528;0.276243;0.000000;0.000000;0.000000;0.000000;2.000000;17.871460;-676.711914;1925.315308;0.288372;0.000000;0.000000;0.000000;0.000000;2.000000;101.140533;-643.316772;1804.348511;0.385851;0.000000;0.000000;0.000000;0.000000;2.000000;172.021912;-370.512573;1731.452148;0.360498;0.000000;0.000000;0.000000;0.000000;2.000000;142.752258;-141.416885;1651.659668;1.045743;0.000000;0.000000;0.000000;0.000000;2.000000;129.047668;-49.935524;1610.006226;0.991332;0.000000;0.000000;0.000000;0.000000;2.000000;126.774902;60.364426;1581.933716;1.304400;0.000000;0.000000;0.000000;0.000000;2.000000;78.893188;-30.921997;1622.050415;0.955013;0.000000;0.000000;0.000000;0.000000;2.000000;-17.210968;-676.471436;1986.925903;0.281800;0.000000;0.000000;0.000000;0.000000;2.000000;-83.265015;-644.093872;2104.334961;0.287046;0.000000;0.000000;0.000000;0.000000;2.000000;-224.502609;-441.662445;2268.867920;0.445981;0.000000;0.000000;0.000000;0.000000;2.000000;-410.347900;-289.712616;2328.887939;1.383335;0.000000;0.000000;0.000000;0.000000;2.000000;-493.260529;-241.238434;2380.918213;2.103779;0.000000;0.000000;0.000000;0.000000;2.000000;-574.597778;-194.872192;2442.197754;2.485898;0.000000;0.000000;0.000000;0.000000;2.000000;-475.006897;-181.209808;2400.571777;1.417529;0.000000;0.000000;0.000000;0.000000;2.000000;45.227112;-139.317261;1915.925537;0.172571;0.000000;0.000000;0.000000;0.000000;2.000000;-112.607635;250.904099;1889.418701;0.683467;0.000000;0.000000;0.000000;0.000000;2.000000;83.233795;599.801575;1938.297241;1.532275;0.000000;0.000000;0.000000;0.000000;2.000000;12.206573;781.090820;1905.993286;1.657782;0.000000;0.000000;0.000000;0.000000;2.000000;-40.783264;-159.633072;2075.813477;0.155617;0.000000;0.000000;0.000000;0.000000;2.000000;-185.237656;236.112885;2071.075195;3.039120;0.000000;0.000000;0.000000;0.000000;1.000000;-40.823792;611.368774;2136.162354;2.671855;0.000000;0.000000;0.000000;0.000000;1.000000;-131.733063;766.144592;2108.693604;1.873548;0.000000;0.000000;0.000000;0.000000;1.000000;-16.172119;-798.695557;1946.014893;0.269026;0.000000;0.000000;0.000000;0.000000;2.000000;-154.871872;-821.469727;1851.657593;0.305893;0.000000;0.000000;0.000000;0.000000;2.000000;-117.110504;-866.616882;1855.278809;0.205774;0.000000;0.000000;0.000000;0.000000;2.000000;14.142822;-879.037354;1876.636841;0.347046;0.000000;0.000000;0.000000;0.000000;2.000000;-151.285156;-852.710999;1896.179077;0.221016;0.000000;0.000000;0.000000;0.000000;2.000000;-85.189636;-849.036316;2017.305298;0.342983;0.000000;0.000000;0.000000;0.000000;2.000000;4723366912.000000
0.000000;-150.000000;2000.000000;0.000000;0.000000;0.000000;0.000000;0.000000;2.000000;2.177490;-335.004272;1978.251831;0.100920;0.000000;0.000000;0.000000;0.000000;2.000000;-1.034302;-482.565857;1958.363281;0.192996;0.000000;0.000000;0.000000;0.000000;2.000000;-1.127441;-709.202454;1952.962769;0.164499;0.000000;0.000000;0.000000;0.000000;2.000000;17.244141;-671.358215;1923.811157;0.168157;0.000000;0.000000;0.000000;0.000000;2.000000;99.850739;-629.558105;1806.718750;0.421298;0.000000;0.000000;0.000000;0.000000;2.000000;178.765930;-359.919006;1740.902466;0.472256;0.000000;0.000000;0.000000;0.000000;2.000000;169.171631;-127.424683;1673.751709;1.116974;0.000000;0.000000;0.000000;0.000000;2.000000;165.540833;-34.035423;1636.666138;1.439587;0.000000;0.000000;0.000000;0.000000;2.000000;183.324646;75.064262;1614.046509;2.003373;0.000000;0.000000;0.000000;0.000000;2.000000;117.345581;-7.007614;1642.156128;1.488737;0.000000;0.000000;0.000000;0.000000;2.000000;-17.505981;-672.175781;1984.882813;0.143206;0.000000;0.000000;0.000000;0.000000;2.000000;-78.638519;-653.380920;2106.403320;0.317902;0.000000;0.000000;0.000000;0.000000;2.000000;-226.685135;-448.297974;2256.297119;0.432127;0.000000;0.000000;0.000000;0.000000;2.000000;-414.269989;-294.157104;2290.963379;1.153396;0.000000;0.000000;0.000000;0.000000;2.000000;-505.644043;-249.514114;2328.093994;1.649154;0.000000;0.000000;0.000000;0.000000;2.000000;-599.025757;-207.939255;2371.119629;2.292252;0.000000;0.000000;0.000000;0.000000;2.000000;-505.369629;-220.280380;2355.745117;2.006221;0.000000;0.000000;0.000000;0.000000;2.000000;43.243134;-139.594681;1915.815308;0.060286;0.000000;0.000000;0.000000;0.000000;2.000000;-101.869476;252.002563;1897.313477;0.401839;0.000000;0.000000;0.000000;0.000000;2.000000;47.613098;617.192383;1959.740356;1.354192;0.000000;0.000000;0.000000;0.000000;2.000000;-43.641907;784.909668;1917.192383;1.715389;0.000000;0.000000;0.000000;0.000000;2.000000;-38.994202;-159.382935;2075.913086;0.054363;0.000000;0.000000;0.000000;0.000000;2.000000;-124.868225;205.049973;1891.016602;5.782242;0.000000;0.000000;0.000000;0.000000;2.000000;39.680359;569.039917;1949.466797;6.240160;0.000000;0.000000;0.000000;0.000000;2.000000;-43.824646;723.164246;1908.658569;6.691297;0.000000;0.000000;0.000000;0.000000;1.000000;-13.331116;-793.148926;1944.036011;0.196470;0.000000;0.000000;0.000000;0.000000;2.000000;-152.234741;-808.426025;1851.158203;0.400150;0.000000;0.000000;0.000000;0.000000;2.000000;-115.438873;-853.831726;1851.731934;0.401830;0.000000;0.000000;0.000000;0.000000;2.000000;14.697906;-869.169556;1870.501587;0.349544;0.000000;0.000000;0.000000;0.000000;2.000000;-148.612854;-841.890564;1893.414795;0.345049;0.000000;0.000000;0.000000;0.000000;2.000000;-81.620911;-845.993835;2012.631958;0.198937;0.000000;0.000000;0.000000;0.000000;2.000000;4723400192.000000
0.000000;-150.000000;2000.000000;0.000000;0.000000;0.000000;0.000000;0.000000;2.000000;2.597870;-333.773010;1978.767944;0.042058;0.000000;0.000000;0.000000;0.000000;2.000000;3.327484;-480.619690;1961.084229;0.165172;0.000000;0.000000;0.000000;0.000000;2.000000;-0.032867;-705.623901;1953.816528;0.115335;0.000000;0.000000;0.000000;0.000000;2.000000;19.251312;-668.081665;1925.489258;0.125989;0.000000;0.000000;0.000000;0.000000;2.000000;99.612610;-627.018982;1807.874756;0.084136;0.000000;0.000000;0.000000;0.000000;2.000000;189.592682;-360.010315;1755.560181;0.547564;0.000000;0.000000;0.000000;0.000000;2.000000;185.132050;-126.130127;1699.582764;0.913212;0.000000;0.000000;0.000000;0.000000;2.000000;196.749298;-29.990410;1675.208374;1.495125;0.000000;0.000000;0.000000;0.000000;2.000000;206.278900;79.127502;1651.562012;1.327166;0.000000;0.000000;0.000000;0.000000;2.000000;145.905121;-5.891205;1686.549805;1.586496;0.000000;0.000000;0.000000;0.000000;2.000000;-16.274872;-668.871887;1985.554321;0.107848;0.000000;0.000000;0.000000;0.000000;2.000000;-75.735352;-643.532227;2105.646973;0.309360;0.000000;0.000000;0.000000;0.000000;2.000000;-235.735779;-445.734009;2248.962891;0.358416;0.000000;0.000000;0.000000;0.000000;2.000000;-432.647278;-302.913330;2261.431152;1.077779;0.000000;0.000000;0.000000;0.000000;2.000000;-524.379150;-268.265930;2305.539551;1.045802;0.000000;0.000000;0.000000;0.000000;2.000000;-628.125732;-244.783798;2334.122070;1.796148;0.000000;0.000000;0.000000;0.000000;2.000000;-534.829895;-249.119339;2313.106689;1.782139;0.000000;0.000000;0.000000;0.000000;2.000000;44.237640;-139.791412;1917.052734;0.048067;0.000000;0.000000;0.000000;0.000000;2.000000;-121.112137;241.008743;1913.708496;0.828336;0.000000;0.000000;0.000000;0.000000;2.000000;-26.765015;621.103821;1977.356934;2.299757;0.000000;0.000000;0.000000;0.000000;2.000000;-137.320847;776.694153;1941.121338;2.915722;0.000000;0.000000;0.000000;0.000000;2.000000;-39.891022;-159.205536;2074.797363;0.043342;0.000000;0.000000;0.000000;0.000000;2.000000;-74.032990;227.153076;1927.994629;2.002235;0.000000;0.000000;0.000000;0.000000;2.000000;57.870178;595.221436;2016.772217;2.237797;0.000000;0.000000;0.000000;0.000000;2.000000;-35.872253;732.487854;1951.042725;1.325725;0.000000;0.000000;0.000000;0.000000;2.000000;-13.245605;-788.727417;1944.046875;0.132883;0.000000;0.000000;0.000000;0.000000;2.000000;-152.266403;-809.019043;1854.433105;0.100009;0.000000;0.000000;0.000000;0.000000;2.000000;-114.713470;-853.269409;1855.402710;0.113695;0.000000;0.000000;0.000000;0.000000;2.000000;15.120361;-865.215210;1872.259277;0.130648;0.000000;0.000000;0.000000;0.000000;2.000000;-147.257645;-841.214355;1897.060669;0.118628;0.000000;0.000000;0.000000;0.000000;2.000000;-78.780640;-841.153076;2014.417480;0.176973;0.000000;0.000000;0.000000;0.000000;2.000000;4723433472.000000
0.000000;-150.000000;2000.000000;0.000000;0.000000;0.000000;0.000000;0.000000;2.000000;-4.427887;-334.146912;1973.058105;0.272268;0.000000;0.000000;0.000000;0.000000;2.000000;-11.387909;-481.176208;1951.078369;0.534965;0.000000;0.000000;0.000000;0.000000;2.000000;-9.544495;-707.333191;1938.009766;0.556698;0.000000;0.000000;0.000000;0.000000;2.000000;7.440796;-668.367432;1909.566528;0.595758;0.000000;0.000000;0.000000;0.000000;2.000000;85.239136;-623.417358;1790.497925;0.686204;0.000000;0.000000;0.000000;0.000000;2.000000;184.567352;-354.497620;1759.451904;0.252814;0.000000;0.000000;0.000000;0.000000;2.000000;182.816681;-117.178665;1712.026489;0.465828;0.000000;0.000000;0.000000;0.000000;2.000000;215.991913;-23.033104;1700.541748;0.978508;0.000000;0.000000;0.000000;0.000000;2.000000;202.725128;86.946014;1679.533081;0.879202;0.000000;0.000000;0.000000;0.000000;2.000000;162.877075;14.947350;1726.190674;1.439077;0.000000;0.000000;0.000000;0.000000;2.000000;-25.145081;-671.598877;1971.685669;0.501413;0.000000;0.000000;0.000000;0.000000;2.000000;-90.148804;-645.997131;2089.796387;0.647997;0.000000;0.000000;0.000000;0.000000;2.000000;-246.943146;-440.452759;2229.405762;0.695649;0.000000;0.000000;0.000000;0.000000;2.000000;-452.917267;-308.675964;2212.841797;1.591416;0.000000;0.000000;0.000000;0.000000;2.000000;-547.895386;-276.704590;2253.602539;1.731791;0.000000;0.000000;0.000000;0.000000;2.000000;-656.225098;-262.239746;2271.987305;2.115140;0.000000;0.000000;0.000000;0.000000;2.000000;-560.770142;-253.928329;2255.374023;1.907304;0.000000;0.000000;0.000000;0.000000;2.000000;12.763214;-136.651306;1906.664551;1.000386;0.000000;0.000000;0.000000;0.000000;2.000000;-146.605850;249.208679;1921.382568;0.837075;0.000000;0.000000;0.000000;0.000000;2.000000;-64.189117;633.133789;1993.427612;1.276088;0.000000;0.000000;0.000000;0.000000;2.000000;-193.046982;772.552673;1946.831421;1.687825;0.000000;0.000000;0.000000;0.000000;2.000000;-11.509155;-162.037079;2084.164551;0.902089;0.000000;0.000000;0.000000;0.000000;2.000000;-1.857758;254.929688;2097.322510;5.593524;0.000000;0.000000;0.000000;0.000000;2.000000;102.950836;644.437195;2104.499512;3.312184;0.000000;0.000000;0.000000;0.000000;2.000000;-27.725128;765.731628;2080.862305;4.034132;0.000000;0.000000;0.000000;0.000000;2.000000;-21.253784;-790.997803;1926.671997;0.578901;0.000000;0.000000;0.000000;0.000000;2.000000;-160.738617;-804.874817;1834.662231;0.658211;0.000000;0.000000;0.000000;0.000000;2.000000;-125.093689;-851.118286;1836.121094;0.661165;0.000000;0.000000;0.000000;0.000000;2.000000;4.604492;-869.232178;1854.796997;0.624285;0.000000;0.000000;0.000000;0.000000;2.000000;-157.785248;-837.457275;1877.606079;0.674194;0.000000;0.000000;0.000000;0.000000;2.000000;-90.517426;-840.584290;1996.587158;0.641649;0.000000;0.000000;0.000000;0.000000;2.000000;4723466752.000000
0.000000;-150.000000;2000.000000;0.000000;0.000000;0.000000;0.000000;0.000000;2.000000;-5.194122;-333.289124;1970.226074;0.091847;0.000000;0.000000;0.000000;0.000000;2.000000;-12.874603;-479.591492;1945.901489;0.168702;0.000000;0.000000;0.000000;0.000000;2.000000;-10.562836;-705.198547;1931.784912;0.200091;0.000000;0.000000;0.000000;0.000000;2.000000;7.265289;-666.170715;1904.149414;0.175727;0.000000;0.000000;0.000000;0.000000;2.000000;89.476105;-621.017883;1788.570313;0.157359;0.000000;0.000000;0.000000;0.000000;2.000000;188.176392;-351.269043;1771.590210;0.392685;0.000000;0.000000;0.000000;0.000000;2.000000;196.907959;-112.929596;1733.619385;0.785211;0.000000;0.000000;0.000000;0.000000;2.000000;226.962769;-17.449593;1739.387451;1.224445;0.000000;0.000000;0.000000;0.000000;2.000000;201.212158;87.090179;1706.720703;0.818211;0.000000;0.000000;0.000000;0.000000;2.000000;175.272827;4.797844;1770.584595;1.418157;0.000000;0.000000;0.000000;0.000000;2.000000;-27.195099;-669.712402;1965.059692;0.215981;0.000000;0.000000;0.000000;0.000000;2.000000;-89.552948;-649.004761;2085.200684;0.166004;0.000000;0.000000;0.000000;0.000000;2.000000;-239.617004;-437.715576;2222.293945;0.317633;0.000000;0.000000;0.000000;0.000000;2.000000;-446.427612;-313.338562;2182.678223;0.937624;0.000000;0.000000;0.000000;0.000000;2.000000;-545.684082;-282.136444;2211.475586;1.278041;0.000000;0.000000;0.000000;0.000000;2.000000;-655.472351;-270.470764;2217.864746;1.645134;0.000000;0.000000;0.000000;0.000000;2.000000;-558.729126;-261.229797;2214.206055;1.257819;0.000000;0.000000;0.000000;0.000000;2.000000;14.648956;-135.363678;1907.343018;0.071577;0.000000;0.000000;0.000000;0.000000;2.000000;-136.989243;251.421173;1941.477905;0.672699;0.000000;0.000000;0.000000;0.000000;2.000000;-129.578751;642.906555;2014.886963;2.088680;0.000000;0.000000;0.000000;0.000000;2.000000;-281.048859;757.432190;1970.260254;2.773857;0.000000;0.000000;0.000000;0.000000;2.000000;-13.209564;-163.198227;2083.552979;0.064542;0.000000;0.000000;0.000000;0.000000;2.000000;12.000397;252.155365;2098.843750;0.427126;0.000000;0.000000;0.000000;0.000000;2.000000;121.685028;639.362793;2108.885254;0.597915;0.000000;0.000000;0.000000;0.000000;2.000000;5.004425;771.575989;2075.491211;1.011969;0.000000;0.000000;0.000000;0.000000;2.000000;-21.861023;-788.628235;1919.685425;0.222428;0.000000;0.000000;0.000000;0.000000;2.000000;-168.352676;-798.566711;1839.458618;0.330216;0.000000;0.000000;0.000000;0.000000;2.000000;-133.986938;-845.613159;1837.947144;0.319035;0.000000;0.000000;0.000000;0.000000;2.000000;-3.989319;-867.067322;1845.980713;0.375621;0.000000;0.000000;0.000000;0.000000;2.000000;-162.778595;-831.302185;1881.878540;0.270554;0.000000;0.000000;0.000000;0.000000;2.000000;-86.342712;-836.578308;1994.757080;0.182343;0.000000;0.000000;0.000000;0.000000;2.000000;4723500032.000000
0.000000;-150.000000;2000.000000;0.000000;0.000000;0.000000;0.000000;0.000000;2.000000;-10.476868;-333.156006;1969.351685;0.160946;0.000000;0.000000;0.000000;0.000000;2.000000;-14.749603;-479.890625;1945.660278;0.057511;0.000000;0.000000;0.000000;0.000000;2.000000;-8.395447;-705.416870;1927.513916;0.144064;0.000000;0.000000;0.000000;0.000000;2.000000;8.806976;-665.542419;1900.580688;0.118327;0.000000;0.000000;0.000000;0.000000;2.000000;93.671692;-620.967285;1786.463501;0.141079;0.000000;0.000000;0.000000;0.000000;2.000000;192.392548;-350.367798;1780.715088;0.303250;0.000000;0.000000;0.000000;0.000000;2.000000;210.751282;-110.651398;1754.840576;0.764407;0.000000;0.000000;0.000000;0.000000;2.000000;246.872681;-18.776932;1773.078613;1.176589;0.000000;0.000000;0.000000;0.000000;2.000000;240.968506;90.100945;1801.387207;3.086535;0.000000;0.000000;0.000000;0.000000;2.000000;194.111359;10.609833;1817.837769;1.538489;0.000000;0.000000;0.000000;0.000000;2.000000;-25.736847;-670.786621;1961.422363;0.122095;0.000000;0.000000;0.000000;0.000000;2.000000;-83.172592;-661.193481;2085.549072;0.413524;0.000000;0.000000;0.000000;0.000000;2.000000;-235.643433;-444.437256;2211.812988;0.392724;0.000000;0.000000;0.000000;0.000000;2.000000;-439.446503;-323.535522;2150.110352;1.046683;0.000000;0.000000;0.000000;0.000000;2.000000;-545.504761;-308.049500;2136.115234;2.394570;0.000000;0.000000;0.000000;0.000000;2.000000;-638.295654;-251.124710;2115.852783;3.162301;0.000000;0.000000;0.000000;0.000000;2.000000;-545.749084;-280.348755;2158.413574;1.814570;0.000000;0.000000;0.000000;0.000000;2.000000;19.251953;-135.708313;1908.011230;0.140144;0.000000;0.000000;0.000000;0.000000;2.000000;-153.435532;241.495987;1953.781616;0.685446;0.000000;0.000000;0.000000;0.000000;2.000000;-204.651276;631.057617;2022.503052;2.295147;0.000000;0.000000;0.000000;0.000000;2.000000;-360.805908;748.360535;2024.024170;2.903030;0.000000;0.000000;0.000000;0.000000;2.000000;-17.360321;-162.887451;2082.950439;0.126375;0.000000;0.000000;0.000000;0.000000;2.000000;44.197784;249.275269;2095.472168;0.976601;0.000000;0.000000;0.000000;0.000000;2.000000;133.825500;641.685974;2116.678467;0.439075;0.000000;0.000000;0.000000;0.000000;2.000000;25.114807;776.323181;2068.246094;0.657947;0.000000;0.000000;0.000000;0.000000;2.000000;-18.199860;-788.909729;1913.891113;0.206125;0.000000;0.000000;0.000000;0.000000;2.000000;-165.995102;-799.128174;1835.676392;0.134978;0.000000;0.000000;0.000000;0.000000;2.000000;-132.151169;-846.659302;1834.914063;0.111072;0.000000;0.000000;0.000000;0.000000;2.000000;-2.153046;-869.466797;1841.866821;0.153373;0.000000;0.000000;0.000000;0.000000;2.000000;-160.248032;-830.900269;1878.884644;0.118409;0.000000;0.000000;0.000000;0.000000;2.000000;-82.343231;-834.268433;1991.037109;0.178197;0.000000;0.000000;0.000000;0.000000;2.000000;4723533312.000000
0.000000;-150.000000;2000.000000;0.000000;0.000000;0.000000;0.000000;0.000000;2.000000;-13.586426;-332.520081;1968.017700;0.103451;0.000000;0.000000;0.000000;0.000000;2.000000;-19.693085;-478.875122;1943.398926;0.166171;0.000000;0.000000;0.000000;0.000000;2.000000;-10.790680;-704.243347;1927.530884;0.080148;0.000000;0.000000;0.000000;0.000000;2.000000;6.545929;-664.493713;1900.603149;0.074895;0.000000;0.000000;0.000000;0.000000;2.000000;86.484344;-616.139038;1784.690552;0.265570;0.000000;0.000000;0.000000;0.000000;2.000000;190.365265;-347.748352;1784.422729;0.149391;0.000000;0.000000;0.000000;0.000000;2.000000;213.825806;-108.121979;1765.086548;0.330297;0.000000;0.000000;0.000000;0.000000;2.000000;251.371887;-24.732407;1806.234497;1.021203;0.000000;0.000000;0.000000;0.000000;2.000000;273.258728;73.435341;1856.707031;1.988784;0.000000;0.000000;0.000000;0.000000;2.000000;194.488159;17.650482;1831.443481;0.460460;0.000000;0.000000;0.000000;0.000000;2.000000;-29.130463;-669.512024;1960.719360;0.110956;0.000000;0.000000;0.000000;0.000000;2.000000;-89.434998;-661.027100;2083.395264;0.199054;0.000000;0.000000;0.000000;0.000000;2.000000;-237.675522;-439.287537;2205.234375;0.258356;0.000000;0.000000;0.000000;0.000000;2.000000;-438.747864;-329.658264;2119.310547;0.943818;0.000000;0.000000;0.000000;0.000000;2.000000;-539.805237;-309.374207;2087.139648;1.482088;0.000000;0.000000;0.000000;0.000000;2.000000;-622.633423;-240.726273;2061.414063;1.730573;0.000000;0.000000;0.000000;0.000000;2.000000;-547.126404;-281.583069;2106.740234;1.553679;0.000000;0.000000;0.000000;0.000000;2.000000;19.670044;-135.388199;1908.255615;0.017443;0.000000;0.000000;0.000000;0.000000;2.000000;-161.140152;236.852753;1958.950195;0.311741;0.000000;0.000000;0.000000;0.000000;2.000000;-240.533936;619.579712;2036.278198;1.205322;0.000000;0.000000;0.000000;0.000000;2.000000;-408.588165;717.781311;2022.897949;1.704947;0.000000;0.000000;0.000000;0.000000;2.000000;-17.737335;-163.176102;2082.729980;0.015730;0.000000;0.000000;0.000000;0.000000;2.000000;55.591278;246.628983;2094.317871;0.353173;0.000000;0.000000;0.000000;0.000000;2.000000;150.498749;637.325134;2115.991211;0.518263;0.000000;0.000000;0.000000;0.000000;2.000000;36.842957;765.421265;2062.182129;0.514492;0.000000;0.000000;0.000000;0.000000;2.000000;-19.496063;-787.861816;1914.516235;0.053491;0.000000;0.000000;0.000000;0.000000;2.000000;-168.827362;-801.933167;1840.304443;0.183536;0.000000;0.000000;0.000000;0.000000;2.000000;-132.707611;-847.499817;1836.187378;0.048799;0.000000;0.000000;0.000000;0.000000;2.000000;-1.709900;-863.813477;1838.202026;0.202879;0.000000;0.000000;0.000000;0.000000;2.000000;-160.129364;-835.382141;1881.640991;0.158142;0.000000;0.000000;0.000000;0.000000;2.000000;-78.732101;-840.117554;1991.051758;0.206552;0.000000;0.000000;0.000000;0.000000;2.000000;4723566592.000000
0.000000;-150.000000;2000.000000;0.000000;0.000000;0.000000;0.000000;0.000000;2.000000;-13.886078;-332.224487;1969.579834;0.048613;0.000000;0.000000;0.000000;0.000000;2.000000;-20.903473;-478.195801;1945.489136;0.075393;0.000000;0.000000;0.000000;0.000000;2.000000;-14.515259;-703.024414;1929.953613;0.138443;0.000000;0.000000;0.000000;0.000000;2.000000;2.006226;-663.600159;1902.320557;0.148295;0.000000;0.000000;0.000000;0.000000;2.000000;79.380737;-618.802734;1783.813599;0.229481;0.000000;0.000000;0.000000;0.000000;2.000000;183.466125;-351.429962;1789.304321;0.277001;0.000000;0.000000;0.000000;0.000000;2.000000;209.281281;-112.349228;1775.665161;0.368539;0.000000;0.000000;0.000000;0.000000;2.000000;249.092804;-31.305519;1818.632935;0.427192;0.000000;0.000000;0.000000;0.000000;2.000000;263.994293;73.732239;1855.186157;0.282246;0.000000;0.000000;0.000000;0.000000;2.000000;201.862183;7.372177;1839.286133;0.447229;0.000000;0.000000;0.000000;0.000000;2.000000;-31.175522;-668.159729;1963.656372;0.114959;0.000000;0.000000;0.000000;0.000000;2.000000;-87.647858;-662.423889;2087.869629;0.150735;0.000000;0.000000;0.000000;0.000000;2.000000;-240.402832;-439.997070;2200.518799;0.165069;0.000000;0.000000;0.000000;0.000000;2.000000;-435.749664;-337.592987;2096.388672;0.734404;0.000000;0.000000;0.000000;0.000000;2.000000;-523.772949;-296.631836;2049.842773;1.278530;0.000000;0.000000;0.000000;0.000000;2.000000;-609.104919;-239.543854;2009.538574;1.611284;0.000000;0.000000;0.000000;0.000000;2.000000;-521.364014;-249.889404;2050.631836;2.085333;0.000000;0.000000;0.000000;0.000000;2.000000;6.296265;-134.910172;1906.733643;0.404705;0.000000;0.000000;0.000000;0.000000;2.000000;-173.774323;233.671570;1974.227173;0.603307;0.000000;0.000000;0.000000;0.000000;2.000000;-279.132050;609.057129;2050.660400;1.277445;0.000000;0.000000;0.000000;0.000000;2.000000;-455.294983;691.448914;2045.590210;1.749474;0.000000;0.000000;0.000000;0.000000;2.000000;-5.677612;-163.607162;2084.102295;0.364940;0.000000;0.000000;0.000000;0.000000;2.000000;72.288544;244.180161;2093.706055;0.507421;0.000000;0.000000;0.000000;0.000000;2.000000;173.623718;632.354248;2109.430664;0.737565;0.000000;0.000000;0.000000;0.000000;2.000000;55.127441;757.920227;2062.212402;0.593850;0.000000;0.000000;0.000000;0.000000;2.000000;-24.394165;-786.360596;1917.568359;0.179185;0.000000;0.000000;0.000000;0.000000;2.000000;-170.033447;-813.271484;1840.689453;0.342812;0.000000;0.000000;0.000000;0.000000;2.000000;-129.421692;-854.557251;1835.721558;0.234340;0.000000;0.000000;0.000000;0.000000;2.000000;2.148010;-857.229858;1839.376709;0.231989;0.000000;0.000000;0.000000;0.000000;2.000000;-158.471588;-846.916992;1880.950317;0.350776;0.000000;0.000000;0.000000;0.000000;2.000000;-78.702362;-846.867126;1991.173950;0.202847;0.000000;0.000000;0.000000;0.000000;2.000000;4723599872.000000
0.000000;-150.000000;2000.000000;0.000000;0.000000;0.000000;0.000000;0.000000;2.000000;-14.910049;-331.817902;1969.107422;0.036020;0.000000;0.000000;0.000000;0.000000;2.000000;-22.816238;-477.422272;1944.271118;0.071994;0.000000;0.000000;0.000000;0.000000;2.000000;-19.203873;-701.702271;1924.703613;0.215203;0.000000;0.000000;0.000000;0.000000;2.000000;-2.468964;-662.035522;1897.674927;0.199446;0.000000;0.000000;0.000000;0.000000;2.000000;79.335175;-617.574341;1782.300171;0.058586;0.000000;0.000000;0.000000;0.000000;2.000000;186.360626;-351.912537;1792.622803;0.133108;0.000000;0.000000;0.000000;0.000000;2.000000;201.999695;-112.403778;1776.759521;0.221261;0.000000;0.000000;0.000000;0.000000;2.000000;245.403687;-33.400238;1819.744629;0.131778;0.000000;0.000000;0.000000;0.000000;2.000000;270.713135;70.186348;1854.205078;0.230174;0.000000;0.000000;0.000000;0.000000;2.000000;188.315063;-0.059883;1840.079468;0.464910;0.000000;0.000000;0.000000;0.000000;2.000000;-35.155487;-667.301025;1959.116211;0.183245;0.000000;0.000000;0.000000;0.000000;2.000000;-85.615234;-657.600708;2085.457031;0.173175;0.000000;0.000000;0.000000;0.000000;2.000000;-247.021820;-437.866241;2190.047363;0.377701;0.000000;0.000000;0.000000;0.000000;2.000000;-432.846985;-325.873138;2079.316406;0.628316;0.000000;0.000000;0.000000;0.000000;2.000000;-516.419861;-286.234375;2024.484619;0.852651;0.000000;0.000000;0.000000;0.000000;2.000000;-596.705444;-220.107300;1988.225708;0.943416;0.000000;0.000000;0.000000;0.000000;2.000000;-497.584656;-233.762634;1991.316040;1.980416;0.000000;0.000000;0.000000;0.000000;2.000000;-2.233673;-133.985916;1906.827515;0.257824;0.000000;0.000000;0.000000;0.000000;2.000000;-173.982483;235.857086;1984.935059;0.328444;0.000000;0.000000;0.000000;0.000000;2.000000;-291.021240;606.915649;2062.794922;0.514503;0.000000;0.000000;0.000000;0.000000;2.000000;-471.639801;678.349121;2067.586182;0.912681;0.000000;0.000000;0.000000;0.000000;2.000000;2.014191;-164.440613;2084.018066;0.232491;0.000000;0.000000;0.000000;0.000000;2.000000;82.117279;242.438812;2090.655273;0.313630;0.000000;0.000000;0.000000;0.000000;2.000000;188.313507;628.978149;2099.833496;0.536923;0.000000;0.000000;0.000000;0.000000;2.000000;70.231781;757.786621;2062.160645;0.453877;0.000000;0.000000;0.000000;0.000000;2.000000;-30.148697;-784.574463;1910.936523;0.269238;0.000000;0.000000;0.000000;0.000000;2.000000;-178.691833;-820.218262;1844.324463;0.350982;0.000000;0.000000;0.000000;0.000000;2.000000;-137.883087;-861.409912;1841.570313;0.371385;0.000000;0.000000;0.000000;0.000000;2.000000;-6.435486;-862.632813;1839.141235;0.304842;0.000000;0.000000;0.000000;0.000000;2.000000;-164.832718;-849.508423;1887.092651;0.276879;0.000000;0.000000;0.000000;0.000000;2.000000;-80.081650;-837.735718;1992.651733;0.281024;0.000000;0.000000;0.000000;0.000000;2.000000;4723633152.000000
0.000000;-150.000000;2000.000000;0.000000;0.000000;0.000000;0.000000;0.000000;2.000000;-10.133423;-331.212280;1967.683716;0.150870;0.000000;0.000000;0.000000;0.000000;2.000000;-14.484711;-476.197510;1941.589844;0.265554;0.000000;0.000000;0.000000;0.000000;2.000000;-8.902206;-699.119019;1917.038086;0.393570;0.000000;0.000000;0.000000;0.000000;2.000000;6.790146;-658.828003;1890.663574;0.362049;0.000000;0.000000;0.000000;0.000000;2.000000;85.721146;-611.131287;1775.273926;0.344783;0.000000;0.000000;0.000000;0.000000;2.000000;197.914536;-348.730469;1785.128784;0.424709;0.000000;0.000000;0.000000;0.000000;2.000000;212.207596;-110.256668;1766.024536;0.449770;0.000000;0.000000;0.000000;0.000000;2.000000;266.554382;-36.948914;1805.684326;0.770566;0.000000;0.000000;0.000000;0.000000;2.000000;289.846436;66.741982;1839.925171;0.724815;0.000000;0.000000;0.000000;0.000000;2.000000;216.990341;2.229530;1836.823364;0.869898;0.000000;0.000000;0.000000;0.000000;2.000000;-24.450684;-665.789001;1952.398682;0.382455;0.000000;0.000000;0.000000;0.000000;2.000000;-78.800476;-653.871460;2076.377441;0.359055;0.000000;0.000000;0.000000;0.000000;2.000000;-233.587158;-433.437012;2186.390381;0.439033;0.000000;0.000000;0.000000;0.000000;2.000000;-419.247864;-327.005035;2071.914307;0.466480;0.000000;0.000000;0.000000;0.000000;2.000000;-487.895477;-293.738892;1996.689453;1.217792;0.000000;0.000000;0.000000;0.000000;2.000000;-569.846313;-228.367493;1964.200928;1.110899;0.000000;0.000000;0.000000;0.000000;2.000000;-476.707581;-230.592010;1984.136841;0.670177;0.000000;0.000000;0.000000;0.000000;2.000000;-5.868164;-133.172562;1907.480835;0.113619;0.000000;0.000000;0.000000;0.000000;2.000000;-168.858810;237.816071;1990.712891;0.239393;0.000000;0.000000;0.000000;0.000000;2.000000;-280.011353;608.806030;2070.141602;0.401752;0.000000;0.000000;0.000000;0.000000;2.000000;-458.129272;683.074829;2085.367188;0.685880;0.000000;0.000000;0.000000;0.000000;2.000000;5.291580;-165.174026;2083.428711;0.102457;0.000000;0.000000;0.000000;0.000000;2.000000;95.292526;238.114029;2087.496094;0.427350;0.000000;0.000000;0.000000;0.000000;2.000000;213.793594;619.637939;2087.528809;0.895352;0.000000;0.000000;0.000000;0.000000;2.000000;103.070602;756.528992;2060.648193;0.988512;0.000000;0.000000;0.000000;0.000000;2.000000;-19.205139;-781.481506;1901.705200;0.440125;0.000000;0.000000;0.000000;0.000000;2.000000;-167.188660;-820.259094;1837.149292;0.407379;0.000000;0.000000;0.000000;0.000000;2.000000;-127.481171;-862.263184;1839.175293;0.321759;0.000000;0.000000;0.000000;0.000000;2.000000;3.440811;-866.643127;1838.787964;0.320472;0.000000;0.000000;0.000000;0.000000;2.000000;-154.592773;-845.251770;1882.699585;0.358410;0.000000;0.000000;0.000000;0.000000;2.000000;-71.179779;-824.758911;1987.350586;0.498964;0.000000;0.000000;0.000000;0.000000;2.000000;4723666432.000000
0.000000;-150.000000;2000.000000;0.000000;0.000000;0.000000;0.000000;0.000000;2.000000;-17.093323;-330.668823;1967.688477;0.206590;0.000000;0.000000;0.000000;0.000000;2.000000;-19.370911;-475.711914;1941.745361;0.145382;0.000000;0.000000;0.000000;0.000000;2.000000;-16.600662;-698.133545;1912.799683;0.261694;0.000000;0.000000;0.000000;0.000000;2.000000;1.456238;-657.652832;1888.306396;0.176041;0.000000;0.000000;0.000000;0.000000;2.000000;88.279327;-611.193176;1778.223267;0.115551;0.000000;0.000000;0.000000;0.000000;2.000000;197.511597;-347.422791;1774.459351;0.318324;0.000000;0.000000;0.000000;0.000000;2.000000;213.420258;-110.916687;1739.272217;0.792730;0.000000;0.000000;0.000000;0.000000;2.000000;257.974274;-34.105133;1784.141479;0.691358;0.000000;0.000000;0.000000;0.000000;2.000000;287.336700;68.164764;1817.945557;0.656017;0.000000;0.000000;0.000000;0.000000;2.000000;213.820068;12.071918;1792.234009;1.354540;0.000000;0.000000;0.000000;0.000000;2.000000;-33.643158;-665.217041;1947.849731;0.303988;0.000000;0.000000;0.000000;0.000000;2.000000;-89.618713;-657.955322;2071.448486;0.371984;0.000000;0.000000;0.000000;0.000000;2.000000;-231.116806;-430.883301;2185.689453;0.107171;0.000000;0.000000;0.000000;0.000000;2.000000;-415.705078;-322.780884;2071.101074;0.164915;0.000000;0.000000;0.000000;0.000000;2.000000;-485.046112;-297.540405;1993.447144;0.170211;0.000000;0.000000;0.000000;0.000000;2.000000;-564.489441;-229.775284;1959.700195;0.211199;0.000000;0.000000;0.000000;0.000000;2.000000;-473.336914;-236.438797;1973.360962;0.376266;0.000000;0.000000;0.000000;0.000000;2.000000;-0.023224;-133.412201;1907.262207;0.173234;0.000000;0.000000;0.000000;0.000000;2.000000;-163.721146;236.631088;1993.048950;0.170658;0.000000;0.000000;0.000000;0.000000;2.000000;-269.467499;608.157166;2077.007080;0.372833;0.000000;0.000000;0.000000;0.000000;2.000000;-446.491333;685.494324;2089.128906;0.368957;0.000000;0.000000;0.000000;0.000000;2.000000;0.020935;-164.957947;2083.625732;0.156213;0.000000;0.000000;0.000000;0.000000;2.000000;98.352325;236.349365;2081.708984;0.200636;0.000000;0.000000;0.000000;0.000000;2.000000;224.713531;615.261536;2076.597656;0.475228;0.000000;0.000000;0.000000;0.000000;2.000000;115.685486;754.706116;2057.042725;0.391987;0.000000;0.000000;0.000000;0.000000;2.000000;-27.530945;-779.929626;1895.102905;0.317785;0.000000;0.000000;0.000000;0.000000;2.000000;-174.319305;-827.085388;1833.509521;0.311347;0.000000;0.000000;0.000000;0.000000;2.000000;-132.702728;-867.158813;1836.073486;0.230849;0.000000;0.000000;0.000000;0.000000;2.000000;-1.746475;-865.555908;1834.072998;0.209923;0.000000;0.000000;0.000000;0.000000;2.000000;-160.041809;-850.286865;1879.502319;0.239074;0.000000;0.000000;0.000000;0.000000;2.000000;-76.420792;-823.304199;1982.482422;0.216014;0.000000;0.000000;0.000000;0.000000;2.000000;4723700224.000000
0.000000;-150.000000;2000.000000;0.000000;0.000000;0.000000;0.000000;0.000000;2.000000;-9.977448;-330.972839;1970.495239;0.230032;0.000000;0.000000;0.000000;0.000000;2.000000;-13.719803;-475.745239;1946.433716;0.220637;0.000000;0.000000;0.000000;0.000000;2.000000;-10.336716;-697.903931;1922.525635;0.347681;0.000000;0.000000;0.000000;0.000000;2.000000;4.254868;-657.932434;1895.420410;0.229862;0.000000;0.000000;0.000000;0.000000;2.000000;77.119156;-611.115234;1776.468628;0.339469;0.000000;0.000000;0.000000;0.000000;2.000000;193.274033;-352.361938;1755.002197;0.616486;0.000000;0.000000;0.000000;0.000000;2.000000;212.169510;-117.142105;1718.836182;0.643023;0.000000;0.000000;0.000000;0.000000;2.000000;262.956665;-38.421761;1751.200684;1.009434;0.000000;0.000000;0.000000;0.000000;2.000000;295.089783;66.086800;1771.583374;1.413819;0.000000;0.000000;0.000000;0.000000;2.000000;210.623734;-7.853630;1779.575073;0.715808;0.000000;0.000000;0.000000;0.000000;2.000000;-24.027542;-664.513000;1958.308838;0.427432;0.000000;0.000000;0.000000;0.000000;2.000000;-76.349998;-655.061646;2082.793701;0.531729;0.000000;0.000000;0.000000;0.000000;2.000000;-230.802826;-433.862976;2188.679443;0.127189;0.000000;0.000000;0.000000;0.000000;2.000000;-406.688110;-319.028381;2069.001465;0.300173;0.000000;0.000000;0.000000;0.000000;2.000000;-478.281860;-295.254150;1993.516235;0.214558;0.000000;0.000000;0.000000;0.000000;2.000000;-549.771362;-224.122330;1951.315308;0.536578;0.000000;0.000000;0.000000;0.000000;2.000000;-467.577148;-227.649063;1977.037476;0.334535;0.000000;0.000000;0.000000;0.000000;2.000000;-9.954590;-134.448853;1907.980347;0.300815;0.000000;0.000000;0.000000;0.000000;2.000000;-168.956451;234.771408;1998.496582;0.233803;0.000000;0.000000;0.000000;0.000000;2.000000;-245.156265;610.293823;2089.387451;0.822283;0.000000;0.000000;0.000000;0.000000;2.000000;-419.696930;692.037231;2095.428955;0.850122;0.000000;0.000000;0.000000;0.000000;2.000000;8.976486;-164.023148;2082.978027;0.271258;0.000000;0.000000;0.000000;0.000000;2.000000;97.584854;237.928909;2087.013672;0.167903;0.000000;0.000000;0.000000;0.000000;2.000000;247.659348;606.282104;2074.428711;0.743254;0.000000;0.000000;0.000000;0.000000;2.000000;148.397110;752.240051;2056.582764;0.985807;0.000000;0.000000;0.000000;0.000000;2.000000;-21.678619;-779.945190;1908.029541;0.426373;0.000000;0.000000;0.000000;0.000000;2.000000;-163.551346;-829.655151;1839.055176;0.372047;0.000000;0.000000;0.000000;0.000000;2.000000;-119.927795;-867.285278;1839.427246;0.396888;0.000000;0.000000;0.000000;0.000000;2.000000;10.236877;-858.280457;1841.112061;0.471364;0.000000;0.000000;0.000000;0.000000;2.000000;-149.049118;-855.709717;1883.177612;0.384515;0.000000;0.000000;0.000000;0.000000;2.000000;-69.749992;-832.953918;1989.859863;0.416405;0.000000;0.000000;0.000000;0.000000;2.000000;4723733504.000000
0.000000;-150.000000;2000.000000;0.000000;0.000000;0.000000;0.000000;0.000000;2.000000;-7.724258;-332.787109;1972.126343;0.099789;0.000000;0.000000;0.000000;0.000000;2.000000;-7.368744;-478.876221;1948.752563;0.223885;0.000000;0.000000;0.000000;0.000000;2.000000;-6.375092;-702.057617;1918.648193;0.208140;0.000000;0.000000;0.000000;0.000000;2.000000;7.015457;-661.118286;1891.634644;0.170250;0.000000;0.000000;0.000000;0.000000;2.000000;74.205765;-609.315430;1770.018433;0.219438;0.000000;0.000000;0.000000;0.000000;2.000000;196.402100;-351.269043;1744.536377;0.329863;0.000000;0.000000;0.000000;0.000000;2.000000;205.878906;-115.887283;1695.660522;0.722566;0.000000;0.000000;0.000000;0.000000;2.000000;266.164368;-38.885262;1715.993286;1.062388;0.000000;0.000000;0.000000;0.000000;2.000000;277.499573;72.573914;1719.389404;1.666438;0.000000;0.000000;0.000000;0.000000;2.000000;197.211548;6.993309;1740.467407;1.319972;0.000000;0.000000;0.000000;0.000000;2.000000;-18.020203;-669.324768;1956.279175;0.239181;0.000000;0.000000;0.000000;0.000000;2.000000;-66.826866;-651.849182;2082.461914;0.302159;0.000000;0.000000;0.000000;0.000000;2.000000;-224.467346;-431.199463;2190.955566;0.217539;0.000000;0.000000;0.000000;0.000000;2.000000;-402.841125;-311.246277;2076.273438;0.340276;0.000000;0.000000;0.000000;0.000000;2.000000;-486.792297;-291.336060;2012.066895;0.624470;0.000000;0.000000;0.000000;0.000000;2.000000;-559.569824;-209.641129;1999.129761;1.529780;0.000000;0.000000;0.000000;0.000000;2.000000;-466.496246;-222.020493;1977.860840;0.173986;0.000000;0.000000;0.000000;0.000000;2.000000;-15.470566;-135.294998;1907.856201;0.167725;0.000000;0.000000;0.000000;0.000000;2.000000;-171.975693;238.039886;2000.466553;0.146219;0.000000;0.000000;0.000000;0.000000;2.000000;-236.033417;619.757324;2088.184570;0.396625;0.000000;0.000000;0.000000;0.000000;2.000000;-411.071472;702.240906;2106.118164;0.514141;0.000000;0.000000;0.000000;0.000000;2.000000;13.950485;-163.260147;2083.089844;0.151245;0.000000;0.000000;0.000000;0.000000;2.000000;97.437073;242.989441;2091.437500;0.202018;0.000000;0.000000;0.000000;0.000000;2.000000;264.885742;606.793091;2070.341309;0.532213;0.000000;0.000000;0.000000;0.000000;2.000000;163.939606;753.963379;2059.505859;0.478023;0.000000;0.000000;0.000000;0.000000;2.000000;-18.989731;-784.281677;1902.523682;0.225560;0.000000;0.000000;0.000000;0.000000;2.000000;-171.948090;-818.084290;1845.561890;0.471982;0.000000;0.000000;0.000000;0.000000;2.000000;-133.116837;-861.231262;1844.347046;0.460438;0.000000;0.000000;0.000000;0.000000;2.000000;-2.080872;-868.770142;1836.263794;0.507507;0.000000;0.000000;0.000000;0.000000;2.000000;-157.346436;-844.547546;1889.909424;0.464296;0.000000;0.000000;0.000000;0.000000;2.000000;-67.241692;-828.489502;1990.381104;0.154665;0.000000;0.000000;0.000000;0.000000;2.000000;4723766784.000000
0.000000;-150.000000;2000.000000;0.000000;0.000000;0.000000;0.000000;0.000000;2.000000;-9.246124;-333.087708;1974.025146;0.073675;0.000000;0.000000;0.000000;0.000000;2.000000;-5.422165;-479.283173;1951.173340;0.094137;0.000000;0.000000;0.000000;0.000000;2.000000;-8.658615;-701.765503;1915.704834;0.112282;0.000000;0.000000;0.000000;0.000000;2.000000;4.845795;-660.377930;1889.393555;0.096332;0.000000;0.000000;0.000000;0.000000;2.000000;70.908539;-605.050903;1768.626221;0.167290;0.000000;0.000000;0.000000;0.000000;2.000000;183.829285;-345.383606;1723.111938;0.767092;0.000000;0.000000;0.000000;0.000000;2.000000;190.937103;-112.173798;1663.929077;1.059778;0.000000;0.000000;0.000000;0.000000;2.000000;233.774384;-29.265030;1699.677368;1.127451;0.000000;0.000000;0.000000;0.000000;2.000000;295.311951;47.361908;1645.668945;2.401522;0.000000;0.000000;0.000000;0.000000;2.000000;191.186127;9.439072;1667.782715;2.192759;0.000000;0.000000;0.000000;0.000000;2.000000;-19.007019;-669.760742;1954.361450;0.066116;0.000000;0.000000;0.000000;0.000000;2.000000;-60.842155;-654.722778;2083.401855;0.201474;0.000000;0.000000;0.000000;0.000000;2.000000;-217.140671;-437.730438;2201.200195;0.426308;0.000000;0.000000;0.000000;0.000000;2.000000;-398.894501;-311.352905;2099.168945;0.698119;0.000000;0.000000;0.000000;0.000000;2.000000;-475.164612;-268.924896;2036.234497;1.050195;0.000000;0.000000;0.000000;0.000000;2.000000;-548.150635;-196.250397;1996.974487;0.532754;0.000000;0.000000;0.000000;0.000000;2.000000;-464.367188;-217.268036;2019.099854;1.248994;0.000000;0.000000;0.000000;0.000000;2.000000;-17.325943;-136.075424;1908.017822;0.060676;0.000000;0.000000;0.000000;0.000000;2.000000;-164.786392;241.858505;1997.682373;0.258517;0.000000;0.000000;0.000000;0.000000;2.000000;-217.025604;625.691162;2084.882324;0.606504;0.000000;0.000000;0.000000;0.000000;2.000000;-386.139587;720.934570;2096.265869;0.982034;0.000000;0.000000;0.000000;0.000000;2.000000;15.623566;-162.556427;2082.944336;0.054714;0.000000;0.000000;0.000000;0.000000;2.000000;106.065704;242.408173;2091.364258;0.259871;0.000000;0.000000;0.000000;0.000000;2.000000;271.790894;607.265747;2071.143311;0.209364;0.000000;0.000000;0.000000;0.000000;2.000000;183.042938;762.194946;2060.249512;0.625440;0.000000;0.000000;0.000000;0.000000;2.000000;-22.936401;-783.406006;1897.874268;0.185131;0.000000;0.000000;0.000000;0.000000;2.000000;-171.627853;-832.808716;1840.769531;0.465384;0.000000;0.000000;0.000000;0.000000;2.000000;-129.243469;-872.509155;1842.088745;0.364677;0.000000;0.000000;0.000000;0.000000;2.000000;2.135941;-869.194458;1835.923706;0.127756;0.000000;0.000000;0.000000;0.000000;2.000000;-155.533173;-855.831909;1886.529053;0.358129;0.000000;0.000000;0.000000;0.000000;2.000000;-68.677681;-827.430664;1987.220825;0.109048;0.000000;0.000000;0.000000;0.000000;2.000000;4723800064.000000
0.000000;-150.000000;2000.000000;0.000000;0.000000;0.000000;0.000000;0.000000;2.000000;-10.336548;-333.024506;1973.066895;0.043660;0.000000;0.000000;0.000000;0.000000;2.000000;-8.662567;-479.268402;1949.590820;0.108360;0.000000;0.000000;0.000000;0.000000;2.000000;-14.773651;-701.466187;1911.774048;0.218618;0.000000;0.000000;0.000000;0.000000;2.000000;-1.505615;-659.882446;1885.581543;0.223080;0.000000;0.000000;0.000000;0.000000;2.000000;60.974182;-604.748169;1762.707520;0.347590;0.000000;0.000000;0.000000;0.000000;2.000000;163.253220;-345.358765;1694.713379;1.053764;0.000000;0.000000;0.000000;0.000000;2.000000;163.030869;-116.269653;1620.277222;1.561638;0.000000;0.000000;0.000000;0.000000;2.000000;200.346695;-24.127716;1631.162476;2.295896;0.000000;0.000000;0.000000;0.000000;2.000000;235.477127;81.288086;1646.871826;2.067133;0.000000;0.000000;0.000000;0.000000;2.000000;152.520279;0.526871;1592.664551;2.552710;0.000000;0.000000;0.000000;0.000000;2.000000;-23.921341;-669.777100;1951.036987;0.178281;0.000000;0.000000;0.000000;0.000000;2.000000;-61.364952;-657.398071;2081.800293;0.094999;0.000000;0.000000;0.000000;0.000000;2.000000;-213.017548;-442.871002;2210.224609;0.335767;0.000000;0.000000;0.000000;0.000000;2.000000;-399.976135;-311.917419;2124.209961;0.753327;0.000000;0.000000;0.000000;0.000000;2.000000;-486.009399;-270.461243;2074.468750;1.195078;0.000000;0.000000;0.000000;0.000000;2.000000;-561.356934;-199.508057;2036.316162;1.250804;0.000000;0.000000;0.000000;0.000000;2.000000;-470.014404;-222.591187;2038.794922;0.636085;0.000000;0.000000;0.000000;0.000000;2.000000;-18.075012;-135.468323;1908.186401;0.029412;0.000000;0.000000;0.000000;0.000000;2.000000;-164.048325;243.727188;1996.318359;0.072970;0.000000;0.000000;0.000000;0.000000;2.000000;-214.699951;628.316162;2082.405273;0.129015;0.000000;0.000000;0.000000;0.000000;2.000000;-384.109558;723.658203;2090.447266;0.202452;0.000000;0.000000;0.000000;0.000000;2.000000;16.299042;-163.103882;2082.792236;0.026523;0.000000;0.000000;0.000000;0.000000;2.000000;107.931534;241.824829;2094.149414;0.102246;0.000000;0.000000;0.000000;0.000000;2.000000;277.244995;605.346924;2073.923340;0.192771;0.000000;0.000000;0.000000;0.000000;2.000000;187.119156;759.454346;2060.816406;0.148572;0.000000;0.000000;0.000000;0.000000;2.000000;-30.225021;-782.832642;1893.389893;0.257718;0.000000;0.000000;0.000000;0.000000;2.000000;-179.145035;-837.691040;1841.777954;0.271036;0.000000;0.000000;0.000000;0.000000;2.000000;-135.510010;-876.093384;1842.380127;0.217098;0.000000;0.000000;0.000000;0.000000;2.000000;-4.457306;-868.911987;1831.994629;0.230781;0.000000;0.000000;0.000000;0.000000;2.000000;-160.917969;-859.463501;1887.394775;0.196887;0.000000;0.000000;0.000000;0.000000;2.000000;-71.812317;-826.746582;1984.890991;0.119144;0.000000;0.000000;0.000000;0.000000;2.000000;4723833344.000000
0.000000;-150.000000;2000.000000;0.000000;0.000000;0.000000;0.000000;0.000000;2.000000;-15.488914;-330.743591;1970.964478;0.180713;0.000000;0.000000;0.000000;0.000000;2.000000;-21.608955;-475.402161;1946.314941;0.417753;0.000000;0.000000;0.000000;0.000000;2.000000;-27.073418;-695.408875;1906.956421;0.436665;0.000000;0.000000;0.000000;0.000000;2.000000;-14.510796;-653.881165;1881.164673;0.450379;0.000000;0.000000;0.000000;0.000000;2.000000;46.934502;-601.307861;1758.159302;0.455340;0.000000;0.000000;0.000000;0.000000;2.000000;156.684448;-349.669189;1683.253418;0.417505;0.000000;0.000000;0.000000;0.000000;2.000000;143.996094;-124.227371;1605.413818;0.764054;0.000000;0.000000;0.000000;0.000000;2.000000;168.660095;-34.586769;1570.936646;2.068867;0.000000;0.000000;0.000000;0.000000;2.000000;191.136353;66.648582;1530.597412;3.765032;0.000000;0.000000;0.000000;0.000000;2.000000;127.630989;-8.547409;1560.612915;1.249482;0.000000;0.000000;0.000000;0.000000;2.000000;-35.738358;-664.380432;1946.291748;0.415580;0.000000;0.000000;0.000000;0.000000;2.000000;-75.648651;-653.063599;2075.205811;0.490345;0.000000;0.000000;0.000000;0.000000;2.000000;-211.004547;-439.570984;2217.229004;0.240392;0.000000;0.000000;0.000000;0.000000;2.000000;-404.062744;-310.268555;2150.096436;0.789029;0.000000;0.000000;0.000000;0.000000;2.000000;-493.854736;-268.957520;2109.725830;1.086259;0.000000;0.000000;0.000000;0.000000;2.000000;-577.291260;-209.986557;2070.702637;1.181517;0.000000;0.000000;0.000000;0.000000;2.000000;-485.184265;-229.146011;2075.742432;1.216190;0.000000;0.000000;0.000000;0.000000;2.000000;-20.284683;-133.766830;1909.770386;0.096373;0.000000;0.000000;0.000000;0.000000;2.000000;-162.980621;243.990036;1992.757690;0.111977;0.000000;0.000000;0.000000;0.000000;2.000000;-196.650482;627.041931;2078.548828;0.555913;0.000000;0.000000;0.000000;0.000000;2.000000;-356.113251;735.450012;2084.488770;0.930202;0.000000;0.000000;0.000000;0.000000;2.000000;18.291588;-164.638168;2081.364014;0.086901;0.000000;0.000000;0.000000;0.000000;2.000000;106.719597;236.818817;2105.786621;0.382395;0.000000;0.000000;0.000000;0.000000;2.000000;284.954437;590.940247;2069.237793;0.510766;0.000000;0.000000;0.000000;0.000000;2.000000;209.040649;751.227966;2062.301025;0.704965;0.000000;0.000000;0.000000;0.000000;2.000000;-42.240021;-776.002808;1888.236938;0.443206;0.000000;0.000000;0.000000;0.000000;2.000000;-181.662735;-851.876221;1841.490356;0.432985;0.000000;0.000000;0.000000;0.000000;2.000000;-134.809128;-884.776184;1848.158203;0.314097;0.000000;0.000000;0.000000;0.000000;2.000000;-5.970367;-865.415588;1839.934204;0.264613;0.000000;0.000000;0.000000;0.000000;2.000000;-163.150101;-865.334045;1889.601074;0.200025;0.000000;0.000000;0.000000;0.000000;2.000000;-82.117424;-811.396179;1983.024170;0.558373;0.000000;0.000000;0.000000;0.000000;2.000000;4723866624.000000
0.000000;-150.000000;2000.000000;0.000000;0.000000;0.000000;0.000000;0.000000;2.000000;-10.348923;-330.800659;1963.801147;0.264928;0.000000;0.000000;0.000000;0.000000;2.000000;-18.761700;-475.339783;1934.891235;0.353767;0.000000;0.000000;0.000000;0.000000;2.000000;-17.337433;-698.068726;1904.932495;0.309306;0.000000;0.000000;0.000000;0.000000;2.000000;-5.343529;-657.138062;1877.451416;0.312896;0.000000;0.000000;0.000000;0.000000;2.000000;55.698166;-605.716125;1752.842041;0.335286;0.000000;0.000000;0.000000;0.000000;2.000000;148.145630;-349.469482;1665.543213;0.590812;0.000000;0.000000;0.000000;0.000000;2.000000;140.129669;-124.135773;1583.052979;0.681876;0.000000;0.000000;0.000000;0.000000;2.000000;164.880356;-32.260361;1553.351440;0.544971;0.000000;0.000000;0.000000;0.000000;2.000000;179.581100;17.959724;1454.492310;2.736870;0.000000;0.000000;0.000000;0.000000;2.000000;127.261856;-10.956757;1518.677002;1.262220;0.000000;0.000000;0.000000;0.000000;2.000000;-27.707237;-665.460999;1942.899902;0.263964;0.000000;0.000000;0.000000;0.000000;2.000000;-70.335510;-643.950317;2070.386230;0.348493;0.000000;0.000000;0.000000;0.000000;2.000000;-183.783722;-426.500549;2227.868408;0.962011;0.000000;0.000000;0.000000;0.000000;2.000000;-392.874939;-312.190430;2179.630615;0.950740;0.000000;0.000000;0.000000;0.000000;2.000000;-486.078735;-270.137756;2147.018555;1.145225;0.000000;0.000000;0.000000;0.000000;2.000000;-568.981506;-209.124741;2108.386719;1.159827;0.000000;0.000000;0.000000;0.000000;2.000000;-481.855774;-235.786972;2120.713379;1.369602;0.000000;0.000000;0.000000;0.000000;2.000000;-18.654621;-130.810028;1909.485474;0.101814;0.000000;0.000000;0.000000;0.000000;2.000000;-159.312302;250.259903;1991.573730;0.221154;0.000000;0.000000;0.000000;0.000000;2.000000;-162.878113;635.516724;2083.334473;1.056094;0.000000;0.000000;0.000000;0.000000;2.000000;-321.904724;746.472778;2080.721436;1.085862;0.000000;0.000000;0.000000;0.000000;2.000000;16.821693;-167.304443;2081.620605;0.091809;0.000000;0.000000;0.000000;0.000000;2.000000;111.876801;234.503098;2111.337891;0.238075;0.000000;0.000000;0.000000;0.000000;2.000000;311.800232;579.265137;2074.693848;0.894794;0.000000;0.000000;0.000000;0.000000;2.000000;248.963760;745.422180;2058.020020;1.219037;0.000000;0.000000;0.000000;0.000000;2.000000;-29.954041;-780.223572;1889.386108;0.391872;0.000000;0.000000;0.000000;0.000000;2.000000;-172.722992;-853.790833;1846.100220;0.307660;0.000000;0.000000;0.000000;0.000000;2.000000;-125.694359;-887.443970;1849.685791;0.289039;0.000000;0.000000;0.000000;0.000000;2.000000;3.522034;-868.772522;1836.431030;0.320328;0.000000;0.000000;0.000000;0.000000;2.000000;-152.173248;-869.033813;1893.150024;0.364034;0.000000;0.000000;0.000000;0.000000;2.000000;-66.228355;-818.554321;1985.129883;0.527458;0.000000;0.000000;0.000000;0.000000;2.000000;4723899904.000000
0.000000;-150.000000;2000.000000;0.000000;0.000000;0.000000;0.000000;0.000000;2.000000;-7.451962;-330.360413;1960.435425;0.134091;0.000000;0.000000;0.000000;0.000000;2.000000;-17.614136;-474.526794;1929.787231;0.159081;0.000000;0.000000;0.000000;0.000000;2.000000;-16.422287;-697.145508;1897.958740;0.213157;0.000000;0.000000;0.000000;0.000000;2.000000;-5.260216;-655.933594;1870.486328;0.212409;0.000000;0.000000;0.000000;0.000000;2.000000;41.907257;-595.559631;1743.771973;0.582351;0.000000;0.000000;0.000000;0.000000;2.000000;121.596214;-341.246277;1639.316528;1.148266;0.000000;0.000000;0.000000;0.000000;2.000000;115.147041;-117.587631;1551.826172;1.217642;0.000000;0.000000;0.000000;0.000000;2.000000;124.814384;-36.152847;1495.048218;2.128901;0.000000;0.000000;0.000000;0.000000;2.000000;129.276581;17.165730;1396.738403;2.301512;0.000000;0.000000;0.000000;0.000000;2.000000;91.332558;-12.926620;1481.920898;1.545595;0.000000;0.000000;0.000000;0.000000;2.000000;-25.867073;-664.854553;1936.479004;0.201528;0.000000;0.000000;0.000000;0.000000;2.000000;-65.435585;-639.196838;2064.279053;0.275235;0.000000;0.000000;0.000000;0.000000;2.000000;-177.393677;-425.135742;2227.708984;0.196398;0.000000;0.000000;0.000000;0.000000;2.000000;-387.025513;-302.462952;2213.718262;1.079562;0.000000;0.000000;0.000000;0.000000;2.000000;-482.951599;-259.681641;2191.315918;1.370853;0.000000;0.000000;0.000000;0.000000;2.000000;-572.460083;-202.207870;2163.232910;1.664362;0.000000;0.000000;0.000000;0.000000;2.000000;-484.176056;-268.393738;2166.888672;1.699973;0.000000;0.000000;0.000000;0.000000;2.000000;-20.851967;-129.440582;1910.204468;0.080743;0.000000;0.000000;0.000000;0.000000;2.000000;-162.601181;252.435944;1987.913086;0.161680;0.000000;0.000000;0.000000;0.000000;2.000000;-154.573334;637.104797;2082.915527;0.254376;0.000000;0.000000;0.000000;0.000000;2.000000;-306.418518;757.838806;2078.133789;0.582425;0.000000;0.000000;0.000000;0.000000;2.000000;18.803131;-168.539337;2080.972656;0.072806;0.000000;0.000000;0.000000;0.000000;2.000000;99.186821;234.936066;2129.317383;0.661389;0.000000;0.000000;0.000000;0.000000;2.000000;318.103333;565.250305;2071.440186;0.471985;0.000000;0.000000;0.000000;0.000000;2.000000;259.413757;732.762268;2052.168945;0.523657;0.000000;0.000000;0.000000;0.000000;2.000000;-29.248169;-779.259277;1882.071167;0.222714;0.000000;0.000000;0.000000;0.000000;2.000000;-176.736710;-849.621887;1850.431641;0.217203;0.000000;0.000000;0.000000;0.000000;2.000000;-130.699615;-884.768066;1853.036987;0.198052;0.000000;0.000000;0.000000;0.000000;2.000000;-1.820869;-871.407471;1831.696899;0.228645;0.000000;0.000000;0.000000;0.000000;2.000000;-154.028275;-863.379761;1896.983887;0.212701;0.000000;0.000000;0.000000;0.000000;2.000000;-61.252586;-811.738953;1981.511108;0.275892;0.000000;0.000000;0.000000;0.000000;2.000000;4723933184.000000
0.000000;-150.000000;2000.000000;0.000000;0.000000;0.000000;0.000000;0.000000;2.000000;-0.476994;-328.332397;1957.433105;0.236173;0.000000;0.000000;0.000000;0.000000;2.000000;-7.092388;-471.292938;1925.772583;0.352066;0.000000;0.000000;0.000000;0.000000;2.000000;-15.543413;-692.539185;1898.235840;0.141154;0.000000;0.000000;0.000000;0.000000;2.000000;-8.477066;-652.278320;1868.801147;0.154825;0.000000;0.000000;0.000000;0.000000;1.000000;-5.085938;-591.462402;1735.114868;1.441084;0.000000;0.000000;0.000000;0.000000;1.000000;109.539719;-355.052124;1627.312500;0.658360;0.000000;0.000000;0.000000;0.000000;1.000000;72.638565;-122.266739;1591.782349;1.758611;0.000000;0.000000;0.000000;0.000000;1.000000;103.244568;-48.778877;1532.999390;1.365441;0.000000;0.000000;0.000000;0.000000;1.000000;109.944183;12.839825;1440.862671;1.453347;0.000000;0.000000;0.000000;0.000000;1.000000;117.469482;-31.434555;1491.658569;1.005828;0.000000;0.000000;0.000000;0.000000;1.000000;-17.665264;-659.788818;1936.934326;0.289989;0.000000;0.000000;0.000000;0.000000;2.000000;-41.209099;-626.230103;2065.717041;0.826801;0.000000;0.000000;0.000000;0.000000;2.000000;-158.944855;-434.445465;2247.616943;0.862205;0.000000;0.000000;0.000000;0.000000;2.000000;-371.601013;-320.659515;2257.140137;1.488666;0.000000;0.000000;0.000000;0.000000;2.000000;-467.677948;-274.847412;2252.311523;1.943567;0.000000;0.000000;0.000000;0.000000;2.000000;-557.347412;-212.860321;2246.781738;2.571223;0.000000;0.000000;0.000000;0.000000;2.000000;-471.762390;-271.944794;2233.979248;2.052936;0.000000;0.000000;0.000000;0.000000;2.000000;-33.616798;-129.607407;1914.942871;0.409163;0.000000;0.000000;0.000000;0.000000;2.000000;-162.296021;251.170700;2002.755615;0.447701;0.000000;0.000000;0.000000;0.000000;2.000000;-129.891220;631.579834;2096.739746;0.866115;0.000000;0.000000;0.000000;0.000000;2.000000;-281.990875;749.101196;2085.796631;0.812841;0.000000;0.000000;0.000000;0.000000;2.000000;30.313747;-168.388901;2076.699707;0.368962;0.000000;0.000000;0.000000;0.000000;2.000000;65.564163;234.075668;2152.045410;1.219740;0.000000;0.000000;0.000000;0.000000;2.000000;307.470978;541.593994;2082.926758;0.852333;0.000000;0.000000;0.000000;0.000000;2.000000;265.640991;712.532471;2062.778809;0.711443;0.000000;0.000000;0.000000;0.000000;2.000000;-32.326889;-773.914795;1886.256592;0.223974;0.000000;0.000000;0.000000;0.000000;2.000000;-171.007156;-861.250854;1866.005859;0.608885;0.000000;0.000000;0.000000;0.000000;2.000000;-122.881119;-890.689453;1877.227783;0.784356;0.000000;0.000000;0.000000;0.000000;2.000000;4.380680;-870.982300;1857.505371;0.797672;0.000000;0.000000;0.000000;0.000000;2.000000;-149.665482;-862.987061;1914.673096;0.547581;0.000000;0.000000;0.000000;0.000000;2.000000;-66.031700;-787.602051;1988.512451;0.768696;0.000000;0.000000;0.000000;0.000000;2.000000;4723966464.000000
0.000000;-150.000000;2000.000000;0.000000;0.000000;0.000000;0.000000;0.000000;2.000000;4.359923;-329.068054;1959.575317;0.158054;0.000000;0.000000;0.000000;0.000000;2.000000;-0.320762;-472.739014;1929.792725;0.236941;0.000000;0.000000;0.000000;0.000000;2.000000;-1.678624;-694.941223;1906.173706;0.478097;0.000000;0.000000;0.000000;0.000000;2.000000;5.983101;-654.993713;1876.330566;0.489098;0.000000;0.000000;0.000000;0.000000;2.000000;20.187784;-596.962280;1741.870850;0.791104;0.000000;0.000000;0.000000;0.000000;2.000000;105.335670;-345.682617;1639.362549;0.468526;0.000000;0.000000;0.000000;0.000000;2.000000;39.975243;-120.437683;1594.848145;0.972355;0.000000;0.000000;0.000000;0.000000;2.000000;40.879913;-85.865860;1501.967285;2.335355;0.000000;0.000000;0.000000;0.000000;2.000000;50.120682;-21.249214;1411.920898;2.210275;0.000000;0.000000;0.000000;0.000000;2.000000;33.308945;-71.949829;1467.942261;2.851823;0.000000;0.000000;0.000000;0.000000;2.000000;-6.746859;-661.502197;1944.104736;0.389864;0.000000;0.000000;0.000000;0.000000;1.000000;-30.612358;-622.759155;2071.585449;0.372889;0.000000;0.000000;0.000000;0.000000;1.000000;-123.936089;-409.725311;2244.492432;1.271617;0.000000;0.000000;0.000000;0.000000;1.000000;-327.272736;-280.214142;2262.431152;1.782661;0.000000;0.000000;0.000000;0.000000;1.000000;-431.874786;-263.021332;2250.151855;1.117647;0.000000;0.000000;0.000000;0.000000;1.000000;-530.961548;-216.940338;2247.186035;0.790202;0.000000;0.000000;0.000000;0.000000;1.000000;-441.936890;-268.347046;2231.907715;0.891129;0.000000;0.000000;0.000000;0.000000;1.000000;-28.336134;-130.954971;1912.580566;0.175777;0.000000;0.000000;0.000000;0.000000;2.000000;-141.598648;254.773788;2002.966919;0.621736;0.000000;0.000000;0.000000;0.000000;2.000000;-98.093124;635.532471;2093.533203;0.952973;0.000000;0.000000;0.000000;0.000000;2.000000;-242.919861;762.628601;2086.340820;1.223666;0.000000;0.000000;0.000000;0.000000;2.000000;25.551943;-167.173752;2078.830078;0.158508;0.000000;0.000000;0.000000;0.000000;2.000000;67.633934;230.120132;2177.855713;0.775141;0.000000;0.000000;0.000000;0.000000;2.000000;316.720001;528.907898;2093.987793;0.568327;0.000000;0.000000;0.000000;0.000000;2.000000;280.825348;700.858826;2069.145996;0.597291;0.000000;0.000000;0.000000;0.000000;2.000000;-15.748001;-777.061707;1894.892822;0.560975;0.000000;0.000000;0.000000;0.000000;2.000000;-158.480286;-857.891235;1873.720459;0.446572;0.000000;0.000000;0.000000;0.000000;2.000000;-111.475800;-889.723572;1883.528198;0.386647;0.000000;0.000000;0.000000;0.000000;2.000000;16.497498;-874.865906;1862.852783;0.408439;0.000000;0.000000;0.000000;0.000000;2.000000;-136.686676;-861.979004;1922.135742;0.444047;0.000000;0.000000;0.000000;0.000000;2.000000;-48.979652;-792.336243;1997.256836;0.584148;0.000000;0.000000;0.000000;0.000000;1.000000;4724000256.000000
0.000000;-150.000000;2000.000000;0.000000;0.000000;0.000000;0.000000;0.000000;2.000000;7.620062;-331.578339;1965.975586;0.228629;0.000000;0.000000;0.000000;0.000000;2.000000;13.168420;-476.795288;1938.946655;0.504777;0.000000;0.000000;0.000000;0.000000;2.000000;9.664733;-699.387512;1906.284790;0.366110;0.000000;0.000000;0.000000;0.000000;2.000000;12.929317;-657.897400;1877.158325;0.227586;0.000000;0.000000;0.000000;0.000000;1.000000;-1.790575;-592.221130;1745.176636;0.682862;0.000000;0.000000;0.000000;0.000000;1.000000;95.706108;-344.295349;1640.060791;0.293089;0.000000;0.000000;0.000000;0.000000;1.000000;16.505987;-117.733307;1626.772949;1.193371;0.000000;0.000000;0.000000;0.000000;1.000000;5.650414;-67.331696;1541.326782;1.682103;0.000000;0.000000;0.000000;0.000000;1.000000;-8.033067;-3.881226;1450.071777;2.154050;0.000000;0.000000;0.000000;0.000000;1.000000;49.305031;-80.445923;1487.157227;0.793448;0.000000;0.000000;0.000000;0.000000;1.000000;9.736382;-667.350464;1946.185669;0.529247;0.000000;0.000000;0.000000;0.000000;1.000000;0.160311;-634.876465;2078.208008;1.013491;0.000000;0.000000;0.000000;0.000000;1.000000;-68.804634;-420.853333;2264.199951;1.790749;0.000000;0.000000;0.000000;0.000000;1.000000;-279.820038;-300.348877;2278.442383;1.621907;0.000000;0.000000;0.000000;0.000000;1.000000;-378.238129;-258.350708;2268.644043;1.710542;0.000000;0.000000;0.000000;0.000000;1.000000;-478.538544;-219.078735;2245.976807;1.576939;0.000000;0.000000;0.000000;0.000000;1.000000;-403.451233;-276.510742;2240.876953;1.212483;0.000000;0.000000;0.000000;0.000000;1.000000;-29.516338;-134.664505;1911.548706;0.121009;0.000000;0.000000;0.000000;0.000000;2.000000;-131.010117;257.827271;1999.809082;0.344457;0.000000;0.000000;0.000000;0.000000;2.000000;-80.097893;640.054443;2092.190430;0.558991;0.000000;0.000000;0.000000;0.000000;2.000000;-222.600983;771.769531;2085.877441;0.669626;0.000000;0.000000;0.000000;0.000000;2.000000;26.616184;-163.828705;2079.760742;0.109121;0.000000;0.000000;0.000000;0.000000;2.000000;40.040955;230.194061;2207.573730;1.218537;0.000000;0.000000;0.000000;0.000000;2.000000;308.762146;511.398956;2111.334473;0.778238;0.000000;0.000000;0.000000;0.000000;2.000000;295.978790;687.306091;2083.003906;0.739296;0.000000;0.000000;0.000000;0.000000;2.000000;-5.515682;-781.696411;1893.561890;0.339892;0.000000;0.000000;0.000000;0.000000;2.000000;-162.500275;-837.121582;1897.763916;0.962302;0.000000;0.000000;0.000000;0.000000;2.000000;-120.341522;-876.904846;1899.974976;0.680851;0.000000;0.000000;0.000000;0.000000;2.000000;3.837817;-883.744263;1857.615234;0.490552;0.000000;0.000000;0.000000;0.000000;2.000000;-133.715530;-845.673279;1942.186523;0.781676;0.000000;0.000000;0.000000;0.000000;2.000000;-23.337315;-792.780212;2000.984131;0.778714;0.000000;0.000000;0.000000;0.000000;1.000000;4724033536.000000
0.000000;-150.000000;2000.000000;0.000000;0.000000;0.000000;0.000000;0.000000;2.000000;8.896435;-332.458984;1972.999146;0.216127;0.000000;0.000000;0.000000;0.000000;2.000000;24.134403;-477.424011;1949.618042;0.460164;0.000000;0.000000;0.000000;0.000000;2.000000;21.013889;-699.184143;1913.419556;0.402857;0.000000;0.000000;0.000000;0.000000;2.000000;22.666574;-657.243347;1884.921997;0.374718;0.000000;0.000000;0.000000;0.000000;2.000000;6.571600;-591.175598;1753.508911;0.356099;0.000000;0.000000;0.000000;0.000000;2.000000;10.460554;-326.359894;1645.476563;2.622599;0.000000;0.000000;0.000000;0.000000;2.000000;-75.258667;-106.953766;1599.153809;2.897695;0.000000;0.000000;0.000000;0.000000;2.000000;-86.054794;-69.655624;1507.359619;2.939343;0.000000;0.000000;0.000000;0.000000;2.000000;-89.535461;-2.142067;1418.260986;2.629437;0.000000;0.000000;0.000000;0.000000;2.000000;29.846218;-100.071213;1516.627441;1.213991;0.000000;0.000000;0.000000;0.000000;1.000000;22.565319;-667.853333;1953.765137;0.447991;0.000000;0.000000;0.000000;0.000000;1.000000;18.393194;-639.502930;2086.835938;0.621845;0.000000;0.000000;0.000000;0.000000;1.000000;-54.922749;-426.073608;2271.256836;0.493519;0.000000;0.000000;0.000000;0.000000;1.000000;-246.545731;-284.295685;2319.012695;1.648770;0.000000;0.000000;0.000000;0.000000;1.000000;-343.981659;-263.413879;2279.177734;1.087599;0.000000;0.000000;0.000000;0.000000;1.000000;-443.729340;-230.509308;2246.725586;1.101130;0.000000;0.000000;0.000000;0.000000;1.000000;-359.834229;-292.175415;2246.556152;1.402984;0.000000;0.000000;0.000000;0.000000;1.000000;-21.496494;-137.573700;1908.946167;0.268009;0.000000;0.000000;0.000000;0.000000;2.000000;-118.540588;253.096542;2007.241699;0.458775;0.000000;0.000000;0.000000;0.000000;2.000000;-55.592091;633.263489;2098.535645;0.787531;0.000000;0.000000;0.000000;0.000000;2.000000;-192.687943;770.231628;2091.870605;0.917856;0.000000;0.000000;0.000000;0.000000;2.000000;19.384338;-161.205353;2082.107422;0.241674;0.000000;0.000000;0.000000;0.000000;2.000000;3.779358;227.502319;2223.515625;1.192985;0.000000;0.000000;0.000000;0.000000;2.000000;280.048950;501.295074;2129.422607;1.063938;0.000000;0.000000;0.000000;0.000000;2.000000;261.363007;676.746460;2103.043213;1.243036;0.000000;0.000000;0.000000;0.000000;2.000000;5.978365;-781.296936;1899.993530;0.395950;0.000000;0.000000;0.000000;0.000000;2.000000;-151.256256;-825.807800;1930.965820;1.106812;0.000000;0.000000;0.000000;0.000000;2.000000;-112.262039;-868.359375;1925.943359;0.856586;0.000000;0.000000;0.000000;0.000000;2.000000;1.935749;-883.187073;1863.040894;0.173568;0.000000;0.000000;0.000000;0.000000;2.000000;-116.021759;-836.821777;1969.759766;1.019734;0.000000;0.000000;0.000000;0.000000;2.000000;6.028650;-792.378662;2008.744263;0.912760;0.000000;0.000000;0.000000;0.000000;1.000000;4724066816.000000
0.000000;-150.000000;2000.000000;0.000000;0.000000;0.000000;0.000000;0.000000;2.000000;14.684204;-330.320068;1962.831543;0.357374;0.000000;0.000000;0.000000;0.000000;2.000000;30.155550;-473.932556;1932.203125;0.563531;0.000000;0.000000;0.000000;0.000000;2.000000;9.241669;-695.475159;1900.607422;0.534562;0.000000;0.000000;0.000000;0.000000;2.000000;13.074127;-654.283203;1871.223999;0.510298;0.000000;0.000000;0.000000;0.000000;2.000000;3.983543;-581.210571;1742.851563;0.445258;0.000000;0.000000;0.000000;0.000000;2.000000;-16.441513;-320.622009;1626.571655;1.002922;0.000000;0.000000;0.000000;0.000000;2.000000;-123.697258;-111.044876;1579.368042;1.577026;0.000000;0.000000;0.000000;0.000000;2.000000;-134.495880;-59.793159;1494.548828;1.534490;0.000000;0.000000;0.000000;0.000000;2.000000;-151.099274;-0.372684;1401.237061;1.920034;0.000000;0.000000;0.000000;0.000000;2.000000;-128.948425;-46.549675;1453.608765;5.379499;0.000000;0.000000;0.000000;0.000000;2.000000;14.481770;-663.633301;1940.248535;0.489932;0.000000;0.000000;0.000000;0.000000;1.000000;11.009445;-628.306763;2071.686523;0.607966;0.000000;0.000000;0.000000;0.000000;1.000000;-42.452675;-409.041870;2256.173584;0.779565;0.000000;0.000000;0.000000;0.000000;1.000000;-225.411255;-258.668518;2311.286621;1.024771;0.000000;0.000000;0.000000;0.000000;1.000000;-325.572906;-258.393616;2272.705078;0.605437;0.000000;0.000000;0.000000;0.000000;1.000000;-430.382019;-238.679306;2245.938477;0.470825;0.000000;0.000000;0.000000;0.000000;1.000000;-338.968597;-297.812378;2248.282959;0.651518;0.000000;0.000000;0.000000;0.000000;1.000000;-24.377419;-133.498032;1910.310791;0.155477;0.000000;0.000000;0.000000;0.000000;2.000000;-134.196625;254.850143;2004.616821;0.479901;0.000000;0.000000;0.000000;0.000000;2.000000;-41.047249;628.557312;2097.082275;0.461424;0.000000;0.000000;0.000000;0.000000;2.000000;-181.454102;762.046936;2088.099121;0.432747;0.000000;0.000000;0.000000;0.000000;2.000000;21.982191;-164.880569;2080.876465;0.140204;0.000000;0.000000;0.000000;0.000000;2.000000;-20.543037;217.428619;2233.944580;0.850855;0.000000;0.000000;0.000000;0.000000;2.000000;251.241730;493.632751;2133.714844;0.904936;0.000000;0.000000;0.000000;0.000000;2.000000;223.782471;669.809448;2126.783203;1.351831;0.000000;0.000000;0.000000;0.000000;2.000000;-12.339043;-776.460632;1889.330078;0.653244;0.000000;0.000000;0.000000;0.000000;2.000000;-160.308716;-843.173523;1925.773315;0.608781;0.000000;0.000000;0.000000;0.000000;2.000000;-115.000160;-879.203857;1923.197998;0.346058;0.000000;0.000000;0.000000;0.000000;2.000000;-0.105309;-880.117188;1859.773804;0.148012;0.000000;0.000000;0.000000;0.000000;2.000000;-123.618721;-845.569580;1964.721436;0.379633;0.000000;0.000000;0.000000;0.000000;2.000000;-10.124088;-779.467957;1998.601074;0.692073;0.000000;0.000000;0.000000;0.000000;2.000000;4724100096.000000
0.000000;-150.000000;2000.000000;0.000000;0.000000;0.000000;0.000000;0.000000;2.000000;11.529236;-330.971710;1964.064087;0.103645;0.000000;0.000000;0.000000;0.000000;2.000000;22.562527;-475.431305;1934.879639;0.246071;0.000000;0.000000;0.000000;0.000000;2.000000;12.227196;-698.790771;1910.114746;0.315570;0.000000;0.000000;0.000000;0.000000;2.000000;12.221863;-658.268433;1879.495972;0.277085;0.000000;0.000000;0.000000;0.000000;2.000000;0.767200;-593.099976;1746.967407;0.390212;0.000000;0.000000;0.000000;0.000000;2.000000;-35.155056;-327.722809;1645.579956;0.829421;0.000000;0.000000;0.000000;0.000000;2.000000;-132.888779;-114.152939;1594.624878;0.543293;0.000000;0.000000;0.000000;0.000000;2.000000;-157.349197;-76.772858;1505.404297;0.915567;0.000000;0.000000;0.000000;0.000000;2.000000;-181.132843;-8.112610;1420.218506;1.092617;0.000000;0.000000;0.000000;0.000000;2.000000;-125.179840;-61.825272;1461.843506;0.533603;0.000000;0.000000;0.000000;0.000000;2.000000;17.804993;-665.567993;1948.620972;0.276841;0.000000;0.000000;0.000000;0.000000;2.000000;41.376808;-631.491089;2078.440674;0.939662;0.000000;0.000000;0.000000;0.000000;2.000000;56.601559;-385.534149;2234.645996;3.126703;0.000000;0.000000;0.000000;0.000000;2.000000;-128.116379;-236.368805;2288.134033;3.078955;0.000000;0.000000;0.000000;0.000000;1.000000;-232.610718;-211.699829;2291.943848;3.178912;0.000000;0.000000;0.000000;0.000000;1.000000;-332.750854;-242.152557;2257.931885;2.957523;0.000000;0.000000;0.000000;0.000000;1.000000;-259.697693;-292.661530;2269.164551;2.468052;0.000000;0.000000;0.000000;0.000000;1.000000;-24.480061;-133.728928;1910.205444;0.008226;0.000000;0.000000;0.000000;0.000000;2.000000;-123.214081;257.400757;2006.914795;0.345752;0.000000;0.000000;0.000000;0.000000;2.000000;-26.152050;630.376343;2099.866211;0.458591;0.000000;0.000000;0.000000;0.000000;2.000000;-166.585983;763.920288;2088.566406;0.450510;0.000000;0.000000;0.000000;0.000000;2.000000;22.074753;-164.672348;2080.971680;0.007421;0.000000;0.000000;0.000000;0.000000;2.000000;-21.340458;214.634689;2242.075684;0.259454;0.000000;0.000000;0.000000;0.000000;2.000000;215.990677;521.742920;2142.806396;1.382040;0.000000;0.000000;0.000000;0.000000;2.000000;176.623337;694.429810;2165.789307;1.982176;0.000000;0.000000;0.000000;0.000000;2.000000;-5.443996;-781.180664;1902.094238;0.458412;0.000000;0.000000;0.000000;0.000000;2.000000;-166.412003;-816.548340;1925.821655;0.820787;0.000000;0.000000;0.000000;0.000000;2.000000;-129.228622;-861.058105;1926.184326;0.698665;0.000000;0.000000;0.000000;0.000000;2.000000;-12.107342;-885.246704;1871.838989;0.534087;0.000000;0.000000;0.000000;0.000000;2.000000;-134.152054;-826.361328;1967.500366;0.663532;0.000000;0.000000;0.000000;0.000000;2.000000;-12.591602;-784.625977;2011.241333;0.416868;0.000000;0.000000;0.000000;0.000000;2.000000;4724133376.000000
0.000000;-150.000000;2000.000000;0.000000;0.000000;0.000000;0.000000;0.000000;2.000000;14.773346;-333.233795;1971.888916;0.263447;0.000000;0.000000;0.000000;0.000000;2.000000;37.243263;-477.926361;1946.159058;0.561324;0.000000;0.000000;0.000000;0.000000;2.000000;31.568100;-703.420532;1927.883667;0.801355;0.000000;0.000000;0.000000;0.000000;2.000000;27.247627;-663.533081;1896.249878;0.694483;0.000000;0.000000;0.000000;0.000000;2.000000;-3.730423;-606.721191;1762.023682;0.624868;0.000000;0.000000;0.000000;0.000000;2.000000;-50.349953;-338.662720;1667.445190;0.864975;0.000000;0.000000;0.000000;0.000000;2.000000;-171.256744;-132.597046;1630.451660;1.671884;0.000000;0.000000;0.000000;0.000000;2.000000;-195.200317;-78.829117;1549.146729;1.739245;0.000000;0.000000;0.000000;0.000000;2.000000;-218.567566;4.953590;1477.588257;2.095489;0.000000;0.000000;0.000000;0.000000;2.000000;-189.639557;-60.428398;1508.835083;2.397305;0.000000;0.000000;0.000000;0.000000;2.000000;39.895107;-668.802734;1965.046997;0.832853;0.000000;0.000000;0.000000;0.000000;2.000000;77.602356;-633.939331;2092.147217;1.166142;0.000000;0.000000;0.000000;0.000000;2.000000;104.247604;-378.473999;2234.170410;1.447375;0.000000;0.000000;0.000000;0.000000;2.000000;-55.762383;-210.513916;2312.435547;2.421461;0.000000;0.000000;0.000000;0.000000;1.000000;-161.415405;-214.037018;2289.963867;2.141261;0.000000;0.000000;0.000000;0.000000;1.000000;-265.210571;-222.501038;2252.390137;2.120164;0.000000;0.000000;0.000000;0.000000;1.000000;-183.002136;-270.379852;2294.825684;2.520669;0.000000;0.000000;0.000000;0.000000;1.000000;-29.317215;-138.603760;1910.310059;0.206378;0.000000;0.000000;0.000000;0.000000;2.000000;-99.698402;261.536224;2005.560669;0.718597;0.000000;0.000000;0.000000;0.000000;2.000000;4.155281;634.401245;2101.656738;0.920247;0.000000;0.000000;0.000000;0.000000;2.000000;-133.867645;771.751953;2086.899902;1.012135;0.000000;0.000000;0.000000;0.000000;2.000000;26.436623;-160.276474;2080.877441;0.186100;0.000000;0.000000;0.000000;0.000000;2.000000;-31.646591;220.343948;2240.621094;0.356710;0.000000;0.000000;0.000000;0.000000;2.000000;173.847214;559.237549;2167.575684;1.851175;0.000000;0.000000;0.000000;0.000000;2.000000;93.744995;718.686401;2188.536377;2.683317;0.000000;0.000000;0.000000;0.000000;2.000000;15.717888;-786.972656;1923.637817;0.923947;0.000000;0.000000;0.000000;0.000000;2.000000;-150.126343;-803.286377;1940.523560;0.770338;0.000000;0.000000;0.000000;0.000000;2.000000;-118.591301;-852.350098;1939.007446;0.564883;0.000000;0.000000;0.000000;0.000000;2.000000;-2.785645;-887.906494;1886.217896;0.521073;0.000000;0.000000;0.000000;0.000000;2.000000;-120.690056;-819.727783;1982.614136;0.640000;0.000000;0.000000;0.000000;0.000000;2.000000;4.172470;-796.261841;2032.722168;0.890282;0.000000;0.000000;0.000000;0.000000;2.000000;4724166656.000000
0.000000;-150.000000;2000.000000;0.000000;0.000000;0.000000;0.000000;0.000000;2.000000;18.288742;-333.065613;1967.967041;0.158338;0.000000;0.000000;0.000000;0.000000;2.000000;37.766762;-478.603333;1940.987793;0.157500;0.000000;0.000000;0.000000;0.000000;2.000000;34.691872;-705.742371;1934.474487;0.229996;0.000000;0.000000;0.000000;0.000000;2.000000;28.114754;-667.437195;1900.981812;0.186165;0.000000;0.000000;0.000000;0.000000;2.000000;-17.907036;-615.030762;1768.596069;0.531793;0.000000;0.000000;0.000000;0.000000;2.000000;-79.916107;-342.137573;1695.417725;1.227454;0.000000;0.000000;0.000000;0.000000;2.000000;-207.412964;-135.601196;1690.098511;2.097787;0.000000;0.000000;0.000000;0.000000;2.000000;-245.283661;-85.945801;1610.981079;2.400553;0.000000;0.000000;0.000000;0.000000;2.000000;-281.636383;-5.727516;1540.014404;2.685697;0.000000;0.000000;0.000000;0.000000;2.000000;-220.108459;-59.663879;1569.927612;2.051480;0.000000;0.000000;0.000000;0.000000;2.000000;44.396267;-668.997253;1969.498779;0.190318;0.000000;0.000000;0.000000;0.000000;2.000000;82.619049;-624.198792;2093.924316;0.333525;0.000000;0.000000;0.000000;0.000000;2.000000;95.668236;-358.466003;2220.741211;0.768590;0.000000;0.000000;0.000000;0.000000;2.000000;-40.418060;-172.268921;2305.910645;1.253658;0.000000;0.000000;0.000000;0.000000;1.000000;-148.185699;-184.056442;2300.884766;1.037910;0.000000;0.000000;0.000000;0.000000;1.000000;-246.390076;-210.730911;2256.116699;0.676338;0.000000;0.000000;0.000000;0.000000;1.000000;-160.406067;-254.766159;2295.007324;0.825312;0.000000;0.000000;0.000000;0.000000;1.000000;-27.697647;-136.948929;1909.600708;0.072768;0.000000;0.000000;0.000000;0.000000;2.000000;-90.511810;266.986572;2001.749634;0.340782;0.000000;0.000000;0.000000;0.000000;2.000000;8.005341;641.213196;2104.867188;0.254137;0.000000;0.000000;0.000000;0.000000;2.000000;-125.437317;783.891846;2087.854980;0.445036;0.000000;0.000000;0.000000;0.000000;2.000000;24.976189;-161.768707;2081.517090;0.065618;0.000000;0.000000;0.000000;0.000000;2.000000;-55.983917;219.970520;2232.989258;0.766485;0.000000;0.000000;0.000000;0.000000;2.000000;105.606873;589.552917;2200.220459;2.448770;0.000000;0.000000;0.000000;0.000000;2.000000;7.513092;738.984497;2224.686768;2.875022;0.000000;0.000000;0.000000;0.000000;2.000000;19.896187;-789.953674;1935.303467;0.382959;0.000000;0.000000;0.000000;0.000000;2.000000;-136.240509;-809.369568;1994.764771;1.692304;0.000000;0.000000;0.000000;0.000000;2.000000;-111.700119;-855.656250;1968.536499;0.916532;0.000000;0.000000;0.000000;0.000000;2.000000;-19.099892;-872.909180;1875.069092;0.745392;0.000000;0.000000;0.000000;0.000000;2.000000;-98.105896;-839.263489;2018.950684;1.413229;0.000000;0.000000;0.000000;0.000000;2.000000;38.074730;-834.984070;2034.614258;1.547506;0.000000;0.000000;0.000000;0.000000;2.000000;4724199936.000000
0.000000;-150.000000;2000.000000;0.000000;0.000000;0.000000;0.000000;0.000000;2.000000;10.536842;-331.728119;1965.288940;0.249694;0.000000;0.000000;0.000000;0.000000;2.000000;25.503555;-476.117981;1935.697510;0.408201;0.000000;0.000000;0.000000;0.000000;2.000000;28.678848;-701.598816;1933.805420;0.220343;0.000000;0.000000;0.000000;0.000000;2.000000;19.784729;-664.484741;1900.107544;0.266854;0.000000;0.000000;0.000000;0.000000;2.000000;-29.053185;-615.514587;1768.710327;0.335253;0.000000;0.000000;0.000000;0.000000;2.000000;-106.742577;-342.855621;1723.828125;1.174309;0.000000;0.000000;0.000000;0.000000;2.000000;-226.497009;-134.008514;1732.916382;1.409414;0.000000;0.000000;0.000000;0.000000;2.000000;-284.792908;-85.572586;1667.649292;2.075799;0.000000;0.000000;0.000000;0.000000;2.000000;-346.271637;-8.149673;1614.513306;2.964524;0.000000;0.000000;0.000000;0.000000;2.000000;-271.333832;-53.111557;1624.082153;2.248529;0.000000;0.000000;0.000000;0.000000;2.000000;38.592690;-664.164795;1967.431274;0.235276;0.000000;0.000000;0.000000;0.000000;2.000000;89.061577;-623.108215;2087.545410;0.274387;0.000000;0.000000;0.000000;0.000000;2.000000;95.017761;-353.884247;2201.664063;0.589856;0.000000;0.000000;0.000000;0.000000;2.000000;-31.097527;-163.969727;2288.537109;0.642768;0.000000;0.000000;0.000000;0.000000;1.000000;-137.778534;-172.361893;2300.657715;0.470445;0.000000;0.000000;0.000000;0.000000;1.000000;-234.365295;-212.927643;2266.067627;0.473619;0.000000;0.000000;0.000000;0.000000;1.000000;-149.312225;-251.640900;2300.737305;0.386761;0.000000;0.000000;0.000000;0.000000;1.000000;-27.267357;-134.510818;1910.630005;0.080566;0.000000;0.000000;0.000000;0.000000;2.000000;-70.979729;267.979248;2005.551147;0.598658;0.000000;0.000000;0.000000;0.000000;2.000000;14.668076;643.657410;2102.840576;0.221773;0.000000;0.000000;0.000000;0.000000;2.000000;-119.587990;784.475403;2099.391602;0.389060;0.000000;0.000000;0.000000;0.000000;2.000000;24.588173;-163.967270;2080.588867;0.072651;0.000000;0.000000;0.000000;0.000000;2.000000;-60.808327;241.976898;2059.053955;5.270080;0.000000;0.000000;0.000000;0.000000;2.000000;50.455803;623.000854;2120.014648;3.092672;0.000000;0.000000;0.000000;0.000000;2.000000;-77.762825;747.794983;2113.687500;4.214283;0.000000;0.000000;0.000000;0.000000;2.000000;16.445091;-785.506714;1936.850830;0.175415;0.000000;0.000000;0.000000;0.000000;2.000000;-139.414063;-806.354858;1992.818848;0.143938;0.000000;0.000000;0.000000;0.000000;2.000000;-109.425758;-854.326416;1979.417236;0.336393;0.000000;0.000000;0.000000;0.000000;2.000000;-10.848442;-883.031006;1896.965942;0.766084;0.000000;0.000000;0.000000;0.000000;2.000000;-100.565666;-825.543030;2024.609985;0.452050;0.000000;0.000000;0.000000;0.000000;2.000000;32.413399;-803.881104;2043.816040;0.989361;0.000000;0.000000;0.000000;0.000000;2.000000;4724233216.000000
0.000000;-150.000000;2000.000000;0.000000;0.000000;0.000000;0.000000;0.000000;2.000000;10.996712;-332.837189;1966.932983;0.061171;0.000000;0.000000;0.000000;0.000000;2.000000;28.773048;-477.525848;1937.086182;0.114814;0.000000;0.000000;0.000000;0.000000;2.000000;34.098602;-703.960327;1935.430786;0.184232;0.000000;0.000000;0.000000;0.000000;2.000000;23.156311;-666.847900;1901.995972;0.136109;0.000000;0.000000;0.000000;0.000000;2.000000;-31.960892;-622.325562;1770.760620;0.230897;0.000000;0.000000;0.000000;0.000000;2.000000;-122.165848;-349.538757;1746.888306;0.857457;0.000000;0.000000;0.000000;0.000000;2.000000;-250.935654;-146.480347;1774.058594;1.485930;0.000000;0.000000;0.000000;0.000000;2.000000;-323.228210;-97.810287;1724.083984;2.084373;0.000000;0.000000;0.000000;0.000000;2.000000;-402.179626;-23.933701;1692.187500;2.914527;0.000000;0.000000;0.000000;0.000000;2.000000;-310.824219;-51.059586;1684.933960;2.180639;0.000000;0.000000;0.000000;0.000000;2.000000;45.322021;-666.190674;1968.611694;0.214126;0.000000;0.000000;0.000000;0.000000;2.000000;94.270981;-619.349976;2087.920654;0.193345;0.000000;0.000000;0.000000;0.000000;2.000000;113.376648;-338.461365;2171.770508;1.151488;0.000000;0.000000;0.000000;0.000000;2.000000;-11.713974;-140.035812;2242.650879;1.660574;0.000000;0.000000;0.000000;0.000000;1.000000;-113.303314;-149.819412;2278.488525;1.201424;0.000000;0.000000;0.000000;0.000000;1.000000;-207.343277;-207.955841;2271.071777;0.839170;0.000000;0.000000;0.000000;0.000000;1.000000;-115.630737;-236.262115;2291.725586;1.145049;0.000000;0.000000;0.000000;0.000000;1.000000;-35.374268;-136.348709;1912.754395;0.257806;0.000000;0.000000;0.000000;0.000000;2.000000;-52.118469;270.709381;2004.771240;0.573130;0.000000;0.000000;0.000000;0.000000;2.000000;29.927513;650.479858;2096.260742;0.539771;0.000000;0.000000;0.000000;0.000000;2.000000;-103.497650;792.837158;2107.762939;0.600133;0.000000;0.000000;0.000000;0.000000;2.000000;31.898529;-162.309967;2078.673340;0.232474;0.000000;0.000000;0.000000;0.000000;2.000000;-13.431152;244.900146;2157.373047;3.280582;0.000000;0.000000;0.000000;0.000000;1.000000;71.987938;638.854614;2171.537598;1.744236;0.000000;0.000000;0.000000;0.000000;1.000000;-26.208420;775.497925;2234.959717;4.046156;0.000000;0.000000;0.000000;0.000000;1.000000;22.806602;-788.346191;1939.234375;0.221242;0.000000;0.000000;0.000000;0.000000;2.000000;-136.490189;-810.220581;1986.677612;0.235082;0.000000;0.000000;0.000000;0.000000;2.000000;-106.915680;-857.731812;1970.003540;0.310114;0.000000;0.000000;0.000000;0.000000;2.000000;-5.051239;-881.375122;1889.026978;0.299543;0.000000;0.000000;0.000000;0.000000;2.000000;-99.358810;-833.421143;2018.245239;0.306477;0.000000;0.000000;0.000000;0.000000;2.000000;33.692238;-817.144531;2045.028564;0.402043;0.000000;0.000000;0.000000;0.000000;2.000000;4724266496.000000
0.000000;-150.000000;2000.000000;0.000000;0.000000;0.000000;0.000000;0.000000;2.000000;6.222641;-333.969421;1970.409180;0.180683;0.000000;0.000000;0.000000;0.000000;2.000000;21.484390;-479.658325;1942.893066;0.287257;0.000000;0.000000;0.000000;0.000000;2.000000;28.303513;-706.415283;1945.925293;0.367699;0.000000;0.000000;0.000000;0.000000;2.000000;15.589081;-670.053101;1912.164551;0.392856;0.000000;0.000000;0.000000;0.000000;2.000000;-44.426254;-630.438599;1781.222656;0.546397;0.000000;0.000000;0.000000;0.000000;2.000000;-148.400925;-361.604614;1763.513184;1.001215;0.000000;0.000000;0.000000;0.000000;2.000000;-267.948120;-151.093185;1775.381714;0.531140;0.000000;0.000000;0.000000;0.000000;2.000000;-359.855286;-111.099548;1784.304077;2.155226;0.000000;0.000000;0.000000;0.000000;2.000000;-456.491699;-55.364716;1801.790771;3.794941;0.000000;0.000000;0.000000;0.000000;2.000000;-312.760498;-77.271622;1674.284058;0.852137;0.000000;0.000000;0.000000;0.000000;2.000000;40.770256;-667.794189;1977.789185;0.311568;0.000000;0.000000;0.000000;0.000000;2.000000;95.036102;-617.620117;2093.656250;0.181474;0.000000;0.000000;0.000000;0.000000;2.000000;134.259888;-339.955017;2182.791016;0.710935;0.000000;0.000000;0.000000;0.000000;2.000000;67.618454;-119.018021;2266.396973;2.567178;0.000000;0.000000;0.000000;0.000000;2.000000;68.531845;-74.949448;2365.374512;6.459897;0.000000;0.000000;0.000000;0.000000;2.000000;77.624435;-10.393745;2455.202881;11.797138;0.000000;0.000000;0.000000;0.000000;2.000000;59.229622;-65.606094;2369.852539;7.707987;0.000000;0.000000;0.000000;0.000000;2.000000;-34.687393;-137.051117;1912.200562;0.033888;0.000000;0.000000;0.000000;0.000000;2.000000;-46.398331;270.492920;2005.982056;0.175808;0.000000;0.000000;0.000000;0.000000;2.000000;26.180862;653.632813;2094.264648;0.158894;0.000000;0.000000;0.000000;0.000000;2.000000;-98.230087;803.132935;2116.601318;0.437370;0.000000;0.000000;0.000000;0.000000;2.000000;31.279144;-161.676590;2079.172607;0.030556;0.000000;0.000000;0.000000;0.000000;2.000000;-1.454056;243.988327;2174.105469;0.618915;0.000000;0.000000;0.000000;0.000000;1.000000;85.894730;637.457031;2202.234375;1.013491;0.000000;0.000000;0.000000;0.000000;1.000000;-5.633652;776.633301;2270.764160;1.241305;0.000000;0.000000;0.000000;0.000000;1.000000;17.759369;-790.902405;1952.078613;0.421727;0.000000;0.000000;0.000000;0.000000;2.000000;-134.886978;-777.191833;2020.704102;1.425708;0.000000;0.000000;0.000000;0.000000;2.000000;-118.481094;-830.324280;2002.562378;1.325188;0.000000;0.000000;0.000000;0.000000;2.000000;-35.677368;-876.812866;1910.187378;1.126918;0.000000;0.000000;0.000000;0.000000;2.000000;-99.476563;-807.300598;2048.322754;1.197013;0.000000;0.000000;0.000000;0.000000;2.000000;36.622383;-819.505615;2056.991699;0.376833;0.000000;0.000000;0.000000;0.000000;2.000000;4724299776.000000
0.000000;-150.000000;2000.000000;0.000000;0.000000;0.000000;0.000000;0.000000;2.000000;0.436188;-334.083191;1975.461304;0.227345;0.000000;0.000000;0.000000;0.000000;2.000000;15.122055;-479.693665;1950.469971;0.292789;0.000000;0.000000;0.000000;0.000000;2.000000;21.073517;-705.609802;1951.395874;0.269358;0.000000;0.000000;0.000000;0.000000;2.000000;7.140610;-669.066895;1918.627563;0.316131;0.000000;0.000000;0.000000;0.000000;2.000000;-51.154526;-637.777710;1785.338013;0.318818;0.000000;0.000000;0.000000;0.000000;2.000000;-155.305191;-369.708252;1779.065063;0.557727;0.000000;0.000000;0.000000;0.000000;2.000000;-281.229187;-167.409470;1817.913696;1.404202;0.000000;0.000000;0.000000;0.000000;2.000000;-368.661072;-134.396790;1854.151367;2.194451;0.000000;0.000000;0.000000;0.000000;2.000000;-456.968750;-70.764404;1882.511841;2.431885;0.000000;0.000000;0.000000;0.000000;2.000000;-398.676514;-106.378906;1844.179565;5.699461;0.000000;0.000000;0.000000;0.000000;2.000000;34.998016;-667.448059;1982.882813;0.228044;0.000000;0.000000;0.000000;0.000000;2.000000;94.223679;-626.951904;2099.471680;0.326275;0.000000;0.000000;0.000000;0.000000;2.000000;150.109589;-364.050293;2216.382324;1.310187;0.000000;0.000000;0.000000;0.000000;2.000000;191.406372;-143.926529;2314.443848;3.998029;0.000000;0.000000;0.000000;0.000000;2.000000;200.616669;-57.239044;2378.072266;3.961601;0.000000;0.000000;0.000000;0.000000;2.000000;233.616364;38.230652;2423.017090;4.928223;0.000000;0.000000;0.000000;0.000000;2.000000;183.832382;-43.679260;2368.630615;3.744177;0.000000;0.000000;0.000000;0.000000;2.000000;-34.165985;-138.378693;1912.212280;0.042210;0.000000;0.000000;0.000000;0.000000;2.000000;-31.299011;267.877136;2005.013306;0.454392;0.000000;0.000000;0.000000;0.000000;2.000000;37.890968;650.609985;2090.708496;0.373046;0.000000;0.000000;0.000000;0.000000;2.000000;-74.182495;807.914490;2117.620117;0.726193;0.000000;0.000000;0.000000;0.000000;2.000000;30.808990;-160.479462;2079.162109;0.038062;0.000000;0.000000;0.000000;0.000000;2.000000;-2.730225;241.361557;2182.551758;0.264468;0.000000;0.000000;0.000000;0.000000;1.000000;91.527306;631.488037;2212.332275;0.385073;0.000000;0.000000;0.000000;0.000000;1.000000;12.644699;778.788818;2277.690918;0.581952;0.000000;0.000000;0.000000;0.000000;1.000000;10.482437;-789.773315;1957.296509;0.267082;0.000000;0.000000;0.000000;0.000000;2.000000;-147.349747;-790.253784;2012.685547;0.584585;0.000000;0.000000;0.000000;0.000000;2.000000;-125.961868;-840.741028;1992.979126;0.473771;0.000000;0.000000;0.000000;0.000000;2.000000;-33.068130;-875.606689;1905.976074;0.150889;0.000000;0.000000;0.000000;0.000000;2.000000;-112.541031;-819.705200;2041.347046;0.571697;0.000000;0.000000;0.000000;0.000000;2.000000;22.337311;-823.831848;2061.149902;0.458517;0.000000;0.000000;0.000000;0.000000;2.000000;4724333568.000000
0.000000;-150.000000;2000.000000;0.000000;0.000000;0.000000;0.000000;0.000000;2.000000;1.386261;-334.484192;1975.989502;0.034815;0.000000;0.000000;0.000000;0.000000;2.000000;14.249374;-480.860901;1952.962891;0.086769;0.000000;0.000000;0.000000;0.000000;2.000000;25.085388;-706.979248;1956.262695;0.193936;0.000000;0.000000;0.000000;0.000000;2.000000;10.197189;-671.032410;1923.114746;0.173502;0.000000;0.000000;0.000000;0.000000;2.000000;-43.335800;-640.858459;1787.296021;0.259281;0.000000;0.000000;0.000000;0.000000;2.000000;-157.706451;-376.688660;1800.668945;0.686005;0.000000;0.000000;0.000000;0.000000;2.000000;-294.222687;-185.351273;1857.708984;1.368559;0.000000;0.000000;0.000000;0.000000;2.000000;-377.956116;-154.890976;1904.015747;1.643843;0.000000;0.000000;0.000000;0.000000;2.000000;-471.053772;-98.852386;1933.841553;1.808401;0.000000;0.000000;0.000000;0.000000;2.000000;-390.141174;-127.707504;1929.075684;2.642713;0.000000;0.000000;0.000000;0.000000;2.000000;38.348679;-668.122925;1987.333496;0.168620;0.000000;0.000000;0.000000;0.000000;2.000000;99.546608;-619.110535;2099.852295;0.285006;0.000000;0.000000;0.000000;0.000000;2.000000;166.297745;-350.888245;2198.939209;0.817152;0.000000;0.000000;0.000000;0.000000;2.000000;240.037933;-131.611771;2279.381348;1.839095;0.000000;0.000000;0.000000;0.000000;2.000000;248.415802;-47.789169;2347.156982;1.733910;0.000000;0.000000;0.000000;0.000000;2.000000;271.890137;51.214909;2390.912598;1.550950;0.000000;0.000000;0.000000;0.000000;2.000000;266.195709;-38.254471;2351.193359;2.534962;0.000000;0.000000;0.000000;0.000000;2.000000;-30.225311;-138.587936;1910.570679;0.128427;0.000000;0.000000;0.000000;0.000000;2.000000;-19.863785;268.382294;2003.067505;0.348876;0.000000;0.000000;0.000000;0.000000;2.000000;50.569252;652.152893;2086.400635;0.405011;0.000000;0.000000;0.000000;0.000000;2.000000;-58.560303;811.584412;2115.354736;0.486977;0.000000;0.000000;0.000000;0.000000;2.000000;27.255478;-160.290771;2080.642578;0.115811;0.000000;0.000000;0.000000;0.000000;2.000000;-6.603439;242.326843;2183.916504;0.126759;0.000000;0.000000;0.000000;0.000000;1.000000;87.590401;633.060120;2215.647461;0.161705;0.000000;0.000000;0.000000;0.000000;1.000000;5.968048;780.704773;2277.665283;0.208719;0.000000;0.000000;0.000000;0.000000;1.000000;16.318802;-791.434143;1963.117310;0.252660;0.000000;0.000000;0.000000;0.000000;2.000000;-139.594208;-785.859009;2024.270508;0.439230;0.000000;0.000000;0.000000;0.000000;2.000000;-122.872192;-835.497681;1998.515625;0.247220;0.000000;0.000000;0.000000;0.000000;2.000000;-35.552185;-867.809265;1904.664063;0.249040;0.000000;0.000000;0.000000;0.000000;2.000000;-106.341003;-820.853149;2048.365234;0.283494;0.000000;0.000000;0.000000;0.000000;2.000000;28.553665;-837.371277;2062.462646;0.449400;0.000000;0.000000;0.000000;0.000000;2.000000;4724366848.000000
0.000000;-150.000000;2000.000000;0.000000;0.000000;0.000000;0.000000;0.000000;2.000000;2.218552;-336.486389;1981.219727;0.170128;0.000000;0.000000;0.000000;0.000000;2.000000;19.374146;-483.929138;1960.682739;0.293294;0.000000;0.000000;0.000000;0.000000;2.000000;31.125671;-711.663269;1966.148804;0.375493;0.000000;0.000000;0.000000;0.000000;2.000000;14.323517;-675.885925;1933.138428;0.356874;0.000000;0.000000;0.000000;0.000000;2.000000;-46.552582;-645.419373;1799.257813;0.396628;0.000000;0.000000;0.000000;0.000000;2.000000;-167.427902;-381.649719;1809.852539;0.428601;0.000000;0.000000;0.000000;0.000000;2.000000;-310.653076;-211.317001;1909.128784;1.799921;0.000000;0.000000;0.000000;0.000000;2.000000;-375.844238;-196.992569;1985.157715;2.747555;0.000000;0.000000;0.000000;0.000000;2.000000;-457.186035;-156.585983;2053.270752;4.007654;0.000000;0.000000;0.000000;0.000000;2.000000;-362.161194;-166.175034;2018.119141;3.033422;0.000000;0.000000;0.000000;0.000000;2.000000;45.961197;-672.110229;1996.257935;0.372274;0.000000;0.000000;0.000000;0.000000;2.000000;114.547562;-622.658264;2105.537109;0.493678;0.000000;0.000000;0.000000;0.000000;2.000000;211.619690;-355.540649;2187.649902;1.410395;0.000000;0.000000;0.000000;0.000000;2.000000;292.986359;-132.847717;2256.080078;1.738642;0.000000;0.000000;0.000000;0.000000;2.000000;312.146118;-40.358154;2310.346680;2.222699;0.000000;0.000000;0.000000;0.000000;2.000000;357.174377;55.013931;2346.802246;2.887362;0.000000;0.000000;0.000000;0.000000;2.000000;286.044830;-25.730492;2289.458496;1.984545;0.000000;0.000000;0.000000;0.000000;2.000000;-33.057404;-141.379852;1910.497681;0.119518;0.000000;0.000000;0.000000;0.000000;2.000000;-15.157806;268.357544;2003.829956;0.143251;0.000000;0.000000;0.000000;0.000000;2.000000;79.202652;650.342896;2086.103027;0.862142;0.000000;0.000000;0.000000;0.000000;2.000000;-32.399200;807.962463;2124.085449;0.835827;0.000000;0.000000;0.000000;0.000000;2.000000;29.809326;-157.773178;2080.708008;0.107775;0.000000;0.000000;0.000000;0.000000;2.000000;-5.009888;249.317184;2178.690674;0.266589;0.000000;0.000000;0.000000;0.000000;1.000000;89.915504;643.402344;2204.943359;0.452666;0.000000;0.000000;0.000000;0.000000;1.000000;5.735764;790.004456;2269.875488;0.364585;0.000000;0.000000;0.000000;0.000000;1.000000;22.912613;-796.684082;1974.509766;0.425823;0.000000;0.000000;0.000000;0.000000;2.000000;-115.877396;-807.759644;2069.997070;1.681899;0.000000;0.000000;0.000000;0.000000;2.000000;-100.028366;-855.829651;2040.057129;1.550005;0.000000;0.000000;0.000000;0.000000;2.000000;-32.679962;-879.307678;1927.569458;0.774938;0.000000;0.000000;0.000000;0.000000;2.000000;-74.158096;-838.973267;2085.489746;1.573529;0.000000;0.000000;0.000000;0.000000;2.000000;62.429718;-840.598511;2068.436768;1.038157;0.000000;0.000000;0.000000;0.000000;2.000000;4724400128.000000
0.000000;-150.000000;2000.000000;0.000000;0.000000;0.000000;0.000000;0.000000;2.000000;10.551849;-335.181549;1976.427124;0.291506;0.000000;0.000000;0.000000;0.000000;2.000000;32.070679;-481.530212;1954.927246;0.425032;0.000000;0.000000;0.000000;0.000000;2.000000;40.091721;-708.256653;1972.293823;0.342280;0.000000;0.000000;0.000000;0.000000;2.000000;24.038025;-674.076904;1937.468750;0.324180;0.000000;0.000000;0.000000;0.000000;2.000000;-36.447464;-646.936462;1803.117310;0.328213;0.000000;0.000000;0.000000;0.000000;2.000000;-169.775284;-390.394073;1820.029297;0.409294;0.000000;0.000000;0.000000;0.000000;2.000000;-294.307678;-219.624664;1940.092773;1.081296;0.000000;0.000000;0.000000;0.000000;2.000000;-356.672974;-206.354889;2018.315796;1.184767;0.000000;0.000000;0.000000;0.000000;2.000000;-426.717896;-162.580841;2095.786377;1.581975;0.000000;0.000000;0.000000;0.000000;2.000000;-343.005371;-188.151123;2055.790039;1.431308;0.000000;0.000000;0.000000;0.000000;2.000000;55.411880;-667.526978;2000.294434;0.338111;0.000000;0.000000;0.000000;0.000000;2.000000;123.323174;-614.325378;2107.782959;0.369838;0.000000;0.000000;0.000000;0.000000;2.000000;237.404770;-349.508118;2170.530273;0.947512;0.000000;0.000000;0.000000;0.000000;2.000000;332.290375;-128.499786;2222.905273;1.550981;0.000000;0.000000;0.000000;0.000000;2.000000;358.154602;-32.772804;2267.339355;1.906088;0.000000;0.000000;0.000000;0.000000;2.000000;404.166260;66.346939;2288.514160;2.275371;0.000000;0.000000;0.000000;0.000000;2.000000;341.026978;-19.450378;2258.557373;1.904526;0.000000;0.000000;0.000000;0.000000;2.000000;-20.207840;-139.339691;1907.210327;0.403227;0.000000;0.000000;0.000000;0.000000;2.000000;-5.002151;269.774963;1999.004395;0.340529;0.000000;0.000000;0.000000;0.000000;2.000000;99.230377;647.729126;2083.054932;0.613770;0.000000;0.000000;0.000000;0.000000;2.000000;-10.557343;807.632751;2113.477051;0.729688;0.000000;0.000000;0.000000;0.000000;2.000000;18.222305;-159.612854;2083.672363;0.363608;0.000000;0.000000;0.000000;0.000000;2.000000;-147.857590;214.335999;2174.409424;4.420999;0.000000;0.000000;0.000000;0.000000;2.000000;-259.330017;595.219971;2256.140625;10.704672;0.000000;0.000000;0.000000;0.000000;2.000000;-421.301208;664.044983;2296.873535;13.402764;0.000000;0.000000;0.000000;0.000000;2.000000;30.495026;-792.370728;1985.014404;0.410292;0.000000;0.000000;0.000000;0.000000;2.000000;-100.038681;-805.770874;2090.570801;0.782462;0.000000;0.000000;0.000000;0.000000;2.000000;-89.519028;-851.317749;2055.132568;0.568594;0.000000;0.000000;0.000000;0.000000;2.000000;-33.262039;-867.023010;1935.799683;0.444659;0.000000;0.000000;0.000000;0.000000;2.000000;-59.147202;-840.271729;2099.381836;0.615805;0.000000;0.000000;0.000000;0.000000;2.000000;74.917236;-846.947388;2070.448242;0.425254;0.000000;0.000000;0.000000;0.000000;2.000000;4724433408.000000
0.000000;-150.000000;2000.000000;0.000000;0.000000;0.000000;0.000000;0.000000;2.000000;4.865448;-333.851135;1971.533081;0.228951;0.000000;0.000000;0.000000;0.000000;2.000000;26.144791;-478.741943;1945.264648;0.350748;0.000000;0.000000;0.000000;0.000000;2.000000;29.035629;-704.653870;1960.966187;0.487791;0.000000;0.000000;0.000000;0.000000;2.000000;12.165390;-670.002930;1927.365234;0.484173;0.000000;0.000000;0.000000;0.000000;2.000000;-57.199005;-641.620728;1798.444946;0.658810;0.000000;0.000000;0.000000;0.000000;2.000000;-194.090179;-391.049561;1838.117676;0.910825;0.000000;0.000000;0.000000;0.000000;2.000000;-298.384308;-235.910049;1991.716675;1.631159;0.000000;0.000000;0.000000;0.000000;2.000000;-351.029572;-222.126877;2076.146973;1.809146;0.000000;0.000000;0.000000;0.000000;2.000000;-402.807892;-173.048233;2163.414551;2.178190;0.000000;0.000000;0.000000;0.000000;2.000000;-346.220490;-206.625961;2110.341797;1.733321;0.000000;0.000000;0.000000;0.000000;2.000000;46.798294;-664.707520;1988.198608;0.454166;0.000000;0.000000;0.000000;0.000000;2.000000;121.718956;-613.957031;2091.307373;0.497524;0.000000;0.000000;0.000000;0.000000;2.000000;244.896286;-352.626587;2144.286133;0.825422;0.000000;0.000000;0.000000;0.000000;2.000000;344.199463;-133.164688;2189.062988;1.087096;0.000000;0.000000;0.000000;0.000000;2.000000;378.543213;-37.507645;2226.046875;1.391061;0.000000;0.000000;0.000000;0.000000;2.000000;408.878540;62.852596;2261.864990;0.819930;0.000000;0.000000;0.000000;0.000000;2.000000;377.601135;-25.824188;2224.170410;1.520551;0.000000;0.000000;0.000000;0.000000;2.000000;-20.204681;-136.300293;1908.068726;0.094901;0.000000;0.000000;0.000000;0.000000;2.000000;-2.659561;270.851807;1999.283813;0.077925;0.000000;0.000000;0.000000;0.000000;2.000000;108.094139;645.601501;2080.429199;0.285041;0.000000;0.000000;0.000000;0.000000;2.000000;-4.445374;803.392761;2105.480225;0.328175;0.000000;0.000000;0.000000;0.000000;2.000000;18.219482;-162.353622;2082.898682;0.085573;0.000000;0.000000;0.000000;0.000000;2.000000;-162.052887;204.261353;2167.284912;0.565162;0.000000;0.000000;0.000000;0.000000;2.000000;-274.269623;583.624451;2245.695801;0.649165;0.000000;0.000000;0.000000;0.000000;2.000000;-438.615448;647.965454;2280.032715;0.871885;0.000000;0.000000;0.000000;0.000000;2.000000;17.944092;-788.177734;1973.690552;0.523334;0.000000;0.000000;0.000000;0.000000;2.000000;-81.992371;-798.925049;2107.836426;0.778145;0.000000;0.000000;0.000000;0.000000;2.000000;-81.334076;-844.552490;2071.410400;0.583993;0.000000;0.000000;0.000000;0.000000;2.000000;-56.866516;-861.545959;1942.566162;0.755967;0.000000;0.000000;0.000000;0.000000;2.000000;-40.936493;-833.930542;2106.479492;0.617426;0.000000;0.000000;0.000000;0.000000;2.000000;81.040176;-842.965698;2045.485229;0.781537;0.000000;0.000000;0.000000;0.000000;2.000000;4724466688.000000
0.000000;-150.000000;2000.000000;0.000000;0.000000;0.000000;0.000000;0.000000;2.000000;2.284546;-334.144104;1969.414795;0.100713;0.000000;0.000000;0.000000;0.000000;2.000000;24.863144;-478.876526;1940.849609;0.138199;0.000000;0.000000;0.000000;0.000000;2.000000;21.332809;-704.938599;1963.033813;0.239801;0.000000;0.000000;0.000000;0.000000;2.000000;5.048920;-670.662537;1928.530151;0.217587;0.000000;0.000000;0.000000;0.000000;2.000000;-65.399414;-654.581787;1797.558716;0.461628;0.000000;0.000000;0.000000;0.000000;2.000000;-194.802612;-399.554993;1840.333740;0.264970;0.000000;0.000000;0.000000;0.000000;2.000000;-281.503998;-231.208969;1992.133301;0.526672;0.000000;0.000000;0.000000;0.000000;2.000000;-299.935150;-242.074081;2090.594727;1.704356;0.000000;0.000000;0.000000;0.000000;2.000000;-334.419769;-227.040146;2197.219238;2.808301;0.000000;0.000000;0.000000;0.000000;2.000000;-245.080170;-219.268356;2109.808594;3.062764;0.000000;0.000000;0.000000;0.000000;2.000000;40.620728;-664.655823;1989.005615;0.187208;0.000000;0.000000;0.000000;0.000000;2.000000;118.617310;-614.817627;2090.835449;0.097754;0.000000;0.000000;0.000000;0.000000;2.000000;261.145966;-358.920593;2122.607910;0.835754;0.000000;0.000000;0.000000;0.000000;2.000000;359.303253;-135.367966;2150.726563;1.239883;0.000000;0.000000;0.000000;0.000000;2.000000;413.312103;-52.232376;2194.789063;1.472890;0.000000;0.000000;0.000000;0.000000;2.000000;433.656250;50.969257;2158.916016;3.201727;0.000000;0.000000;0.000000;0.000000;2.000000;380.685333;6.719131;2168.449463;1.941163;0.000000;0.000000;0.000000;0.000000;2.000000;-20.048462;-134.958115;1907.939697;0.040787;0.000000;0.000000;0.000000;0.000000;2.000000;11.982346;272.491882;1999.804443;0.442989;0.000000;0.000000;0.000000;0.000000;2.000000;125.679520;648.580811;2076.645508;0.547863;0.000000;0.000000;0.000000;0.000000;2.000000;22.318283;814.335754;2093.046143;0.945750;0.000000;0.000000;0.000000;0.000000;2.000000;18.078568;-163.563934;2083.014893;0.036779;0.000000;0.000000;0.000000;0.000000;2.000000;-168.330383;202.979980;2160.476807;0.280912;0.000000;0.000000;0.000000;0.000000;2.000000;-297.474579;580.320679;2228.300537;0.877064;0.000000;0.000000;0.000000;0.000000;2.000000;-452.173798;660.585510;2274.713623;0.579069;0.000000;0.000000;0.000000;0.000000;2.000000;7.914566;-787.962463;1978.301636;0.331756;0.000000;0.000000;0.000000;0.000000;2.000000;-89.816742;-805.900635;2113.943359;0.364529;0.000000;0.000000;0.000000;0.000000;2.000000;-87.305511;-851.022339;2076.687744;0.308439;0.000000;0.000000;0.000000;0.000000;2.000000;-63.671539;-864.846252;1946.892090;0.261805;0.000000;0.000000;0.000000;0.000000;2.000000;-46.910309;-838.824158;2111.508545;0.276908;0.000000;0.000000;0.000000;0.000000;2.000000;74.908173;-840.661743;2048.637207;0.218432;0.000000;0.000000;0.000000;0.000000;2.000000;4724499968.000000
0.000000;-150.000000;2000.000000;0.000000;0.000000;0.000000;0.000000;0.000000;2.000000;1.522156;-332.850525;1964.922607;0.142322;0.000000;0.000000;0.000000;0.000000;2.000000;23.555573;-476.632782;1933.336548;0.238859;0.000000;0.000000;0.000000;0.000000;2.000000;23.235397;-702.101318;1955.741455;0.241973;0.000000;0.000000;0.000000;0.000000;2.000000;6.416901;-668.186646;1921.337158;0.232248;0.000000;0.000000;0.000000;0.000000;2.000000;-68.215424;-661.400024;1792.334229;0.271621;0.000000;0.000000;0.000000;0.000000;2.000000;-187.873322;-403.254852;1839.433105;0.237580;0.000000;0.000000;0.000000;0.000000;2.000000;-251.534119;-232.312714;1998.549316;0.921539;0.000000;0.000000;0.000000;0.000000;2.000000;-262.498840;-254.317383;2095.990723;1.194574;0.000000;0.000000;0.000000;0.000000;2.000000;-292.561340;-254.714661;2204.678711;1.524374;0.000000;0.000000;0.000000;0.000000;2.000000;-215.484436;-225.361298;2117.294434;0.935393;0.000000;0.000000;0.000000;0.000000;2.000000;41.990448;-661.629028;1981.538818;0.245570;0.000000;0.000000;0.000000;0.000000;2.000000;118.211594;-609.029907;2082.835449;0.296948;0.000000;0.000000;0.000000;0.000000;2.000000;273.799286;-360.597748;2103.478760;0.691004;0.000000;0.000000;0.000000;0.000000;2.000000;366.241852;-134.197708;2120.274414;0.939139;0.000000;0.000000;0.000000;0.000000;2.000000;415.622864;-47.653427;2162.463379;0.983475;0.000000;0.000000;0.000000;0.000000;2.000000;438.715698;53.665630;2123.891602;1.066422;0.000000;0.000000;0.000000;0.000000;2.000000;378.288025;11.613960;2113.345215;1.663856;0.000000;0.000000;0.000000;0.000000;2.000000;-17.649933;-132.524399;1908.137817;0.102847;0.000000;0.000000;0.000000;0.000000;2.000000;23.421158;273.724365;1996.658936;0.358391;0.000000;0.000000;0.000000;0.000000;2.000000;140.365723;647.979980;2072.099121;0.462306;0.000000;0.000000;0.000000;0.000000;2.000000;45.015091;817.729736;2089.962402;0.695776;0.000000;0.000000;0.000000;0.000000;2.000000;15.915710;-165.758514;2082.836426;0.092741;0.000000;0.000000;0.000000;0.000000;2.000000;-160.678406;205.614929;2154.121582;0.309195;0.000000;0.000000;0.000000;0.000000;2.000000;-289.231567;582.930115;2216.681641;0.435184;0.000000;0.000000;0.000000;0.000000;2.000000;-443.963440;667.646606;2251.883301;0.759267;0.000000;0.000000;0.000000;0.000000;2.000000;11.050583;-785.066528;1971.108276;0.251338;0.000000;0.000000;0.000000;0.000000;2.000000;-97.321106;-785.927002;2099.086914;0.781236;0.000000;0.000000;0.000000;0.000000;2.000000;-93.659485;-834.579102;2066.964844;0.604921;0.000000;0.000000;0.000000;0.000000;2.000000;-60.588867;-862.361084;1941.909424;0.191239;0.000000;0.000000;0.000000;0.000000;2.000000;-55.769043;-820.127441;2103.472656;0.666918;0.000000;0.000000;0.000000;0.000000;2.000000;70.098602;-832.119873;2051.406250;0.306082;0.000000;0.000000;0.000000;0.000000;2.000000;4724533248.000000
0.000000;-150.000000;2000.000000;0.000000;0.000000;0.000000;0.000000;0.000000;2.000000;1.856750;-331.945923;1963.178223;0.059894;0.000000;0.000000;0.000000;0.000000;2.000000;24.382385;-474.926025;1930.379639;0.105554;0.000000;0.000000;0.000000;0.000000;2.000000;15.772552;-698.615601;1960.805054;0.290527;0.000000;0.000000;0.000000;0.000000;2.000000;0.931549;-665.538330;1924.930298;0.212500;0.000000;0.000000;0.000000;0.000000;2.000000;-73.048218;-659.572754;1796.017090;0.190653;0.000000;0.000000;0.000000;0.000000;2.000000;-201.398468;-405.328766;1835.682617;0.426319;0.000000;0.000000;0.000000;0.000000;2.000000;-235.713867;-239.782959;2007.918213;0.596332;0.000000;0.000000;0.000000;0.000000;2.000000;-251.953064;-244.952545;2106.657959;0.531353;0.000000;0.000000;0.000000;0.000000;2.000000;-269.578552;-220.156158;2214.902344;1.284365;0.000000;0.000000;0.000000;0.000000;2.000000;-199.573486;-247.801788;2126.994873;0.876473;0.000000;0.000000;0.000000;0.000000;2.000000;35.304306;-657.999329;1985.473145;0.257360;0.000000;0.000000;0.000000;0.000000;2.000000;115.237061;-604.860596;2083.012207;0.153986;0.000000;0.000000;0.000000;0.000000;2.000000;277.853058;-361.263428;2090.879639;0.398195;0.000000;0.000000;0.000000;0.000000;2.000000;364.123596;-132.634491;2095.156982;0.758865;0.000000;0.000000;0.000000;0.000000;2.000000;417.363525;-47.712143;2135.073242;0.824683;0.000000;0.000000;0.000000;0.000000;2.000000;429.778992;37.312275;2065.566406;1.839847;0.000000;0.000000;0.000000;0.000000;2.000000;391.508362;8.846291;2092.702637;0.741252;0.000000;0.000000;0.000000;0.000000;2.000000;-16.788361;-131.641281;1908.438110;0.038155;0.000000;0.000000;0.000000;0.000000;2.000000;31.615265;273.137787;1994.155029;0.258059;0.000000;0.000000;0.000000;0.000000;2.000000;153.549301;645.089783;2066.835938;0.435294;0.000000;0.000000;0.000000;0.000000;2.000000;60.198227;815.699707;2080.226563;0.545383;0.000000;0.000000;0.000000;0.000000;2.000000;15.138794;-166.554840;2082.565430;0.034407;0.000000;0.000000;0.000000;0.000000;2.000000;-174.477203;197.944275;2148.514648;0.503414;0.000000;0.000000;0.000000;0.000000;2.000000;-279.853333;582.564758;2201.562012;0.534727;0.000000;0.000000;0.000000;0.000000;2.000000;-428.455261;680.058533;2225.656006;0.988591;0.000000;0.000000;0.000000;0.000000;2.000000;0.429871;-780.256165;1978.821411;0.420063;0.000000;0.000000;0.000000;0.000000;2.000000;-124.005066;-782.672546;2090.485107;0.848089;0.000000;0.000000;0.000000;0.000000;2.000000;-116.109772;-830.692200;2058.484619;0.730507;0.000000;0.000000;0.000000;0.000000;2.000000;-66.501862;-856.581055;1939.025757;0.263136;0.000000;0.000000;0.000000;0.000000;2.000000;-83.617859;-816.998718;2099.917236;0.848818;0.000000;0.000000;0.000000;0.000000;2.000000;47.762131;-828.640137;2065.399902;0.798877;0.000000;0.000000;0.000000;0.000000;2.000000;4724566528.000000
0.000000;-150.000000;2000.000000;0.000000;0.000000;0.000000;0.000000;0.000000;2.000000;-0.126831;-332.361145;1963.131226;0.060911;0.000000;0.000000;0.000000;0.000000;2.000000;20.957458;-476.009857;1930.825073;0.108769;0.000000;0.000000;0.000000;0.000000;2.000000;10.344543;-700.727051;1956.329346;0.220712;0.000000;0.000000;0.000000;0.000000;2.000000;-5.370331;-666.532959;1921.737671;0.214367;0.000000;0.000000;0.000000;0.000000;2.000000;-86.265961;-648.916870;1797.762207;0.512848;0.000000;0.000000;0.000000;0.000000;2.000000;-212.902283;-395.416962;1850.214600;0.631553;0.000000;0.000000;0.000000;0.000000;2.000000;-216.583282;-244.437958;2039.147339;1.109302;0.000000;0.000000;0.000000;0.000000;2.000000;-242.286346;-256.274475;2135.497070;0.975210;0.000000;0.000000;0.000000;0.000000;2.000000;-259.245636;-247.804718;2246.576172;1.300927;0.000000;0.000000;0.000000;0.000000;2.000000;-208.105225;-273.883484;2163.032227;1.361061;0.000000;0.000000;0.000000;0.000000;2.000000;31.369446;-660.884888;1981.265625;0.193601;0.000000;0.000000;0.000000;0.000000;2.000000;115.255707;-605.419922;2074.516602;0.255830;0.000000;0.000000;0.000000;0.000000;2.000000;279.842499;-362.354401;2081.775879;0.281918;0.000000;0.000000;0.000000;0.000000;2.000000;356.266052;-129.645447;2082.356689;0.460160;0.000000;0.000000;0.000000;0.000000;2.000000;415.150940;-41.410339;2103.281006;0.976148;0.000000;0.000000;0.000000;0.000000;2.000000;432.503510;30.867470;2021.165527;1.350626;0.000000;0.000000;0.000000;0.000000;2.000000;378.745056;13.784332;2056.285156;1.168990;0.000000;0.000000;0.000000;0.000000;2.000000;-14.199860;-131.358459;1907.843384;0.080257;0.000000;0.000000;0.000000;0.000000;2.000000;42.759750;273.528870;1992.224487;0.340061;0.000000;0.000000;0.000000;0.000000;2.000000;171.622284;644.259521;2063.972900;0.550396;0.000000;0.000000;0.000000;0.000000;2.000000;72.396164;812.451294;2069.806641;0.491832;0.000000;0.000000;0.000000;0.000000;2.000000;12.804626;-166.809906;2083.101563;0.072371;0.000000;0.000000;0.000000;0.000000;2.000000;-181.803070;196.782990;2145.161377;0.244595;0.000000;0.000000;0.000000;0.000000;2.000000;-268.950409;588.005737;2188.884521;0.528365;0.000000;0.000000;0.000000;0.000000;2.000000;-421.900238;680.833496;2206.166504;0.618297;0.000000;0.000000;0.000000;0.000000;2.000000;-5.493988;-782.750610;1973.008179;0.260411;0.000000;0.000000;0.000000;0.000000;2.000000;-114.147278;-808.437744;2097.972168;0.858911;0.000000;0.000000;0.000000;0.000000;2.000000;-105.651245;-852.482300;2060.622070;0.729097;0.000000;0.000000;0.000000;0.000000;2.000000;-69.202454;-862.473511;1933.934692;0.247661;0.000000;0.000000;0.000000;0.000000;2.000000;-69.600861;-838.855347;2099.190918;0.780508;0.000000;0.000000;0.000000;0.000000;2.000000;57.119751;-832.958618;2048.432617;0.596515;0.000000;0.000000;0.000000;0.000000;2.000000;4724599808.000000
0.000000;-150.000000;2000.000000;0.000000;0.000000;0.000000;0.000000;0.000000;2.000000;-1.331573;-333.296906;1960.391602;0.092794;0.000000;0.000000;0.000000;0.000000;2.000000;18.659973;-477.623627;1925.078247;0.189275;0.000000;0.000000;0.000000;0.000000;2.000000;3.575073;-704.009888;1949.619629;0.298320;0.000000;0.000000;0.000000;0.000000;2.000000;-12.098663;-668.998535;1915.223267;0.286588;0.000000;0.000000;0.000000;0.000000;2.000000;-95.687653;-643.130737;1793.061768;0.355535;0.000000;0.000000;0.000000;0.000000;2.000000;-204.650879;-382.493835;1860.689209;0.549511;0.000000;0.000000;0.000000;0.000000;2.000000;-224.720581;-242.765900;2059.466797;0.649622;0.000000;0.000000;0.000000;0.000000;2.000000;-229.920105;-231.623962;2159.936035;1.090460;0.000000;0.000000;0.000000;0.000000;2.000000;-235.990112;-243.680817;2272.713379;1.042482;0.000000;0.000000;0.000000;0.000000;2.000000;-183.140167;-259.752838;2179.304688;0.975990;0.000000;0.000000;0.000000;0.000000;2.000000;26.025238;-664.465576;1974.637695;0.273331;0.000000;0.000000;0.000000;0.000000;2.000000;109.070984;-611.475464;2071.618164;0.270125;0.000000;0.000000;0.000000;0.000000;2.000000;268.205719;-361.971924;2076.617676;0.376850;0.000000;0.000000;0.000000;0.000000;2.000000;324.510132;-121.590240;2076.691895;0.983895;0.000000;0.000000;0.000000;0.000000;2.000000;372.976563;-24.049919;2080.499756;1.508666;0.000000;0.000000;0.000000;0.000000;2.000000;427.869263;43.336136;2010.426880;0.505909;0.000000;0.000000;0.000000;0.000000;2.000000;356.905426;11.411880;2037.755005;0.850485;0.000000;0.000000;0.000000;0.000000;2.000000;-18.037445;-129.992401;1908.016968;0.120655;0.000000;0.000000;0.000000;0.000000;2.000000;43.189178;278.007935;1990.915527;0.138676;0.000000;0.000000;0.000000;0.000000;2.000000;193.656036;643.933472;2063.013916;0.652729;0.000000;0.000000;0.000000;0.000000;2.000000;105.686218;820.112671;2062.111816;1.036228;0.000000;0.000000;0.000000;0.000000;2.000000;16.265167;-168.041748;2082.945313;0.108800;0.000000;0.000000;0.000000;0.000000;2.000000;-183.414917;197.286835;2140.971924;0.133671;0.000000;0.000000;0.000000;0.000000;2.000000;-254.795410;596.130493;2172.424805;0.685952;0.000000;0.000000;0.000000;0.000000;2.000000;-395.623535;709.611206;2183.172852;1.338998;0.000000;0.000000;0.000000;0.000000;2.000000;-13.864899;-786.433960;1966.203735;0.337332;0.000000;0.000000;0.000000;0.000000;2.000000;-126.395142;-805.082886;2090.781250;0.431867;0.000000;0.000000;0.000000;0.000000;2.000000;-117.604767;-851.290771;2055.437500;0.387187;0.000000;0.000000;0.000000;0.000000;2.000000;-78.263458;-867.766846;1929.190796;0.340800;0.000000;0.000000;0.000000;0.000000;2.000000;-81.935211;-836.190430;2094.425781;0.399168;0.000000;0.000000;0.000000;0.000000;2.000000;46.931641;-834.186157;2045.875732;0.312960;0.000000;0.000000;0.000000;0.000000;2.000000;4724633600.000000
0.000000;-150.000000;2000.000000;0.000000;0.000000;0.000000;0.000000;0.000000;2.000000;-2.011841;-333.596375;1963.016113;0.081963;0.000000;0.000000;0.000000;0.000000;2.000000;9.951538;-479.399902;1931.105347;0.322675;0.000000;0.000000;0.000000;0.000000;2.000000;-7.881927;-706.261841;1943.932861;0.390247;0.000000;0.000000;0.000000;0.000000;2.000000;-21.691101;-669.537354;1910.639282;0.319865;0.000000;0.000000;0.000000;0.000000;2.000000;-101.367462;-634.539856;1788.371338;0.340040;0.000000;0.000000;0.000000;0.000000;2.000000;-200.281891;-370.827515;1857.916504;0.383486;0.000000;0.000000;0.000000;0.000000;2.000000;-218.939728;-230.218811;2055.830566;0.429246;0.000000;0.000000;0.000000;0.000000;2.000000;-224.563080;-204.576294;2153.453613;0.851107;0.000000;0.000000;0.000000;0.000000;2.000000;-218.765045;-205.759644;2266.737305;1.264318;0.000000;0.000000;0.000000;0.000000;2.000000;-164.592255;-259.715698;2175.807129;0.567152;0.000000;0.000000;0.000000;0.000000;1.000000;13.663849;-668.229248;1971.792603;0.397571;0.000000;0.000000;0.000000;0.000000;2.000000;88.619217;-624.215515;2079.058350;0.757748;0.000000;0.000000;0.000000;0.000000;2.000000;237.952850;-369.109711;2079.227539;0.937286;0.000000;0.000000;0.000000;0.000000;2.000000;287.162872;-127.521194;2082.817627;1.151088;0.000000;0.000000;0.000000;0.000000;2.000000;350.652802;-39.149765;2080.150146;0.809893;0.000000;0.000000;0.000000;0.000000;2.000000;361.975464;38.880329;2001.309204;2.003325;0.000000;0.000000;0.000000;0.000000;2.000000;313.170288;3.546387;2027.062988;1.373348;0.000000;0.000000;0.000000;0.000000;2.000000;-17.280151;-131.225327;1907.738159;0.044277;0.000000;0.000000;0.000000;0.000000;2.000000;45.165558;277.046753;1985.533203;0.174691;0.000000;0.000000;0.000000;0.000000;2.000000;205.798035;638.257080;2056.635254;0.446026;0.000000;0.000000;0.000000;0.000000;2.000000;109.554291;809.711548;2052.041504;0.450277;0.000000;0.000000;0.000000;0.000000;2.000000;15.582214;-166.929947;2083.196533;0.039927;0.000000;0.000000;0.000000;0.000000;2.000000;-182.014557;199.699554;2136.072754;0.169403;0.000000;0.000000;0.000000;0.000000;2.000000;-230.912994;602.195862;2154.755615;0.911086;0.000000;0.000000;0.000000;0.000000;2.000000;-372.366852;714.816406;2161.854492;0.960806;0.000000;0.000000;0.000000;0.000000;2.000000;-26.643982;-789.112122;1955.685059;0.503805;0.000000;0.000000;0.000000;0.000000;2.000000;-156.250946;-794.916931;2063.511719;1.252808;0.000000;0.000000;0.000000;0.000000;2.000000;-146.120026;-842.935547;2031.193848;1.152329;0.000000;0.000000;0.000000;0.000000;2.000000;-91.076050;-867.093750;1912.454102;0.633674;0.000000;0.000000;0.000000;0.000000;2.000000;-115.211060;-828.821106;2074.300781;1.189314;0.000000;0.000000;0.000000;0.000000;2.000000;18.757782;-837.689819;2044.408447;0.854230;0.000000;0.000000;0.000000;0.000000;2.000000;4724666880.000000
0.000000;-150.000000;2000.000000;0.000000;0.000000;0.000000;0.000000;0.000000;2.000000;-6.135498;-331.939850;1961.286499;0.143289;0.000000;0.000000;0.000000;0.000000;2.000000;10.356323;-475.737976;1926.813965;0.169950;0.000000;0.000000;0.000000;0.000000;2.000000;-3.193268;-701.296692;1942.159912;0.212003;0.000000;0.000000;0.000000;0.000000;2.000000;-16.948853;-665.508240;1908.328979;0.199453;0.000000;0.000000;0.000000;0.000000;2.000000;-92.087128;-634.811035;1783.223511;0.318989;0.000000;0.000000;0.000000;0.000000;2.000000;-194.040680;-373.650391;1850.360352;0.306456;0.000000;0.000000;0.000000;0.000000;2.000000;-220.311127;-229.197327;2042.679932;0.398478;0.000000;0.000000;0.000000;0.000000;2.000000;-239.781464;-201.802338;2137.344238;0.671093;0.000000;0.000000;0.000000;0.000000;2.000000;-236.698944;-184.205200;2248.642822;1.002737;0.000000;0.000000;0.000000;0.000000;2.000000;-208.959198;-214.164825;2186.101563;1.935545;0.000000;0.000000;0.000000;0.000000;2.000000;16.899292;-662.736023;1969.772339;0.200952;0.000000;0.000000;0.000000;0.000000;2.000000;88.145889;-615.732849;2077.180176;0.261448;0.000000;0.000000;0.000000;0.000000;2.000000;231.282898;-359.470215;2088.238770;0.444275;0.000000;0.000000;0.000000;0.000000;2.000000;266.248657;-116.997177;2083.832520;0.704170;0.000000;0.000000;0.000000;0.000000;2.000000;316.082031;-21.620140;2094.718750;1.244248;0.000000;0.000000;0.000000;0.000000;2.000000;307.363159;46.412518;2007.701416;1.667627;0.000000;0.000000;0.000000;0.000000;2.000000;295.731201;11.187027;2041.541382;0.718724;0.000000;0.000000;0.000000;0.000000;2.000000;-16.612823;-129.971695;1908.506714;0.048522;0.000000;0.000000;0.000000;0.000000;2.000000;59.295258;273.556366;1984.796143;0.437893;0.000000;0.000000;0.000000;0.000000;2.000000;218.803238;633.705933;2049.236084;0.469939;0.000000;0.000000;0.000000;0.000000;2.000000;133.096802;809.338867;2050.573730;0.708869;0.000000;0.000000;0.000000;0.000000;2.000000;14.980530;-168.060394;2082.503418;0.043754;0.000000;0.000000;0.000000;0.000000;2.000000;-164.915497;205.315765;2130.142578;0.569399;0.000000;0.000000;0.000000;0.000000;2.000000;-208.184357;605.992859;2146.204102;0.738557;0.000000;0.000000;0.000000;0.000000;2.000000;-341.718292;725.710144;2159.158203;0.980727;0.000000;0.000000;0.000000;0.000000;2.000000;-20.452515;-783.823792;1954.539063;0.247079;0.000000;0.000000;0.000000;0.000000;2.000000;-141.511475;-809.792419;2067.547363;0.640820;0.000000;0.000000;0.000000;0.000000;2.000000;-130.995941;-852.774048;2029.449219;0.544673;0.000000;0.000000;0.000000;0.000000;2.000000;-82.865875;-859.600830;1906.458130;0.379490;0.000000;0.000000;0.000000;0.000000;2.000000;-98.364349;-841.939270;2071.789307;0.646002;0.000000;0.000000;0.000000;0.000000;2.000000;32.829956;-839.106995;2033.552734;0.535734;0.000000;0.000000;0.000000;0.000000;2.000000;4724700160.000000
0.000000;-150.000000;2000.000000;0.000000;0.000000;0.000000;0.000000;0.000000;2.000000;-3.700562;-333.093628;1960.533447;0.084066;0.000000;0.000000;0.000000;0.000000;2.000000;14.408722;-477.504639;1925.216797;0.141239;0.000000;0.000000;0.000000;0.000000;2.000000;-0.459442;-703.809204;1948.377930;0.217616;0.000000;0.000000;0.000000;0.000000;2.000000;-13.736481;-668.934570;1912.931152;0.197585;0.000000;0.000000;0.000000;0.000000;2.000000;-87.856720;-635.815002;1786.671143;0.166734;0.000000;0.000000;0.000000;0.000000;2.000000;-189.434814;-367.241791;1828.520020;0.697791;0.000000;0.000000;0.000000;0.000000;2.000000;-219.184265;-219.143280;2019.560181;0.758306;0.000000;0.000000;0.000000;0.000000;2.000000;-245.628723;-177.130402;2107.647461;1.173335;0.000000;0.000000;0.000000;0.000000;2.000000;-243.018311;-153.205795;2218.528564;1.312439;0.000000;0.000000;0.000000;0.000000;2.000000;-216.625488;-187.076263;2161.625977;1.120925;0.000000;0.000000;0.000000;0.000000;2.000000;19.615112;-664.137390;1975.045654;0.183139;0.000000;0.000000;0.000000;0.000000;2.000000;88.371338;-609.467224;2081.598145;0.230466;0.000000;0.000000;0.000000;0.000000;2.000000;216.848572;-343.734985;2098.835205;0.716274;0.000000;0.000000;0.000000;0.000000;2.000000;227.084366;-97.320023;2098.062256;1.384665;0.000000;0.000000;0.000000;0.000000;2.000000;286.003662;-7.516914;2115.855713;1.183139;0.000000;0.000000;0.000000;0.000000;2.000000;285.660492;65.437851;2031.501465;1.124060;0.000000;0.000000;0.000000;0.000000;2.000000;288.355347;13.809013;2069.374268;0.868773;0.000000;0.000000;0.000000;0.000000;2.000000;-18.283264;-129.843201;1908.203003;0.051162;0.000000;0.000000;0.000000;0.000000;2.000000;66.683807;275.014099;1982.934570;0.233102;0.000000;0.000000;0.000000;0.000000;2.000000;242.567444;630.805237;2045.209961;0.729470;0.000000;0.000000;0.000000;0.000000;2.000000;156.238235;807.542725;2042.318604;0.740244;0.000000;0.000000;0.000000;0.000000;2.000000;16.486816;-168.176270;2082.777344;0.046135;0.000000;0.000000;0.000000;0.000000;2.000000;-149.982422;214.698425;2127.815430;0.534524;0.000000;0.000000;0.000000;0.000000;2.000000;-188.932556;618.503296;2143.267578;0.695511;0.000000;0.000000;0.000000;0.000000;2.000000;-323.681885;738.954834;2152.811523;0.698910;0.000000;0.000000;0.000000;0.000000;2.000000;-18.361084;-786.320129;1963.508423;0.286727;0.000000;0.000000;0.000000;0.000000;2.000000;-146.264160;-797.658997;2072.974121;0.424155;0.000000;0.000000;0.000000;0.000000;2.000000;-139.729645;-841.811584;2034.735352;0.450116;0.000000;0.000000;0.000000;0.000000;2.000000;-88.321869;-854.279541;1912.579834;0.293733;0.000000;0.000000;0.000000;0.000000;2.000000;-107.261017;-835.072510;2078.489990;0.393162;0.000000;0.000000;0.000000;0.000000;2.000000;25.385651;-848.243469;2044.440308;0.482112;0.000000;0.000000;0.000000;0.000000;2.000000;4724733440.000000
0.000000;-150.000000;2000.000000;0.000000;0.000000;0.000000;0.000000;0.000000;2.000000;-7.444550;-333.026794;1958.198975;0.132592;0.000000;0.000000;0.000000;0.000000;2.000000;5.770813;-477.948730;1920.983276;0.289357;0.000000;0.000000;0.000000;0.000000;2.000000;-21.294800;-704.283020;1938.816772;0.688981;0.000000;0.000000;0.000000;0.000000;2.000000;-32.330811;-667.864380;1903.938477;0.621467;0.000000;0.000000;0.000000;0.000000;2.000000;-96.841431;-636.510132;1771.573486;0.528323;0.000000;0.000000;0.000000;0.000000;2.000000;-191.395294;-364.155518;1811.324097;0.528255;0.000000;0.000000;0.000000;0.000000;2.000000;-250.053009;-195.878830;1978.376709;1.697169;0.000000;0.000000;0.000000;0.000000;2.000000;-282.800995;-158.740097;2066.877197;1.747495;0.000000;0.000000;0.000000;0.000000;2.000000;-314.924835;-182.138229;2173.508789;2.693356;0.000000;0.000000;0.000000;0.000000;2.000000;-225.049469;-173.721771;2097.111328;1.995754;0.000000;0.000000;0.000000;0.000000;2.000000;0.573425;-666.219910;1966.688721;0.627970;0.000000;0.000000;0.000000;0.000000;2.000000;81.585602;-614.329590;2066.320801;0.523118;0.000000;0.000000;0.000000;0.000000;2.000000;182.315384;-339.187683;2111.962402;1.118476;0.000000;0.000000;0.000000;0.000000;2.000000;185.292374;-94.250885;2146.335693;1.920802;0.000000;0.000000;0.000000;0.000000;2.000000;238.617889;-5.150276;2180.100586;2.399789;0.000000;0.000000;0.000000;0.000000;2.000000;265.182648;59.155708;2092.519043;1.943149;0.000000;0.000000;0.000000;0.000000;2.000000;245.727432;26.451679;2113.626465;1.884959;0.000000;0.000000;0.000000;0.000000;2.000000;-19.702454;-128.312897;1908.551636;0.063582;0.000000;0.000000;0.000000;0.000000;2.000000;63.730865;277.825928;1985.010742;0.137490;0.000000;0.000000;0.000000;0.000000;2.000000;250.532867;631.136230;2036.288940;0.359501;0.000000;0.000000;0.000000;0.000000;2.000000;168.887192;810.581482;2028.618408;0.567682;0.000000;0.000000;0.000000;0.000000;2.000000;17.766571;-169.556213;2082.462891;0.057335;0.000000;0.000000;0.000000;0.000000;2.000000;-150.169586;214.505539;2123.296631;0.136021;0.000000;0.000000;0.000000;0.000000;2.000000;-182.733307;620.147522;2136.729492;0.275200;0.000000;0.000000;0.000000;0.000000;2.000000;-316.211884;743.114075;2140.328125;0.454646;0.000000;0.000000;0.000000;0.000000;2.000000;-43.742950;-786.295837;1951.886841;0.838821;0.000000;0.000000;0.000000;0.000000;2.000000;-186.866791;-780.969727;2042.029053;1.613865;0.000000;0.000000;0.000000;0.000000;2.000000;-174.747650;-831.275146;2013.794067;1.266238;0.000000;0.000000;0.000000;0.000000;2.000000;-105.636536;-864.391785;1904.470459;0.649912;0.000000;0.000000;0.000000;0.000000;2.000000;-149.030243;-815.832947;2059.967773;1.489700;0.000000;0.000000;0.000000;0.000000;2.000000;-12.415436;-831.510986;2048.556152;1.248294;0.000000;0.000000;0.000000;0.000000;2.000000;4724766720.000000
0.000000;-150.000000;2000.000000;0.000000;0.000000;0.000000;0.000000;0.000000;2.000000;-10.686279;-332.433777;1956.094482;0.117493;0.000000;0.000000;0.000000;0.000000;2.000000;-1.289154;-477.674164;1918.768066;0.222489;0.000000;0.000000;0.000000;0.000000;2.000000;-23.156342;-705.040405;1930.489380;0.257406;0.000000;0.000000;0.000000;0.000000;2.000000;-32.409912;-668.257568;1895.450928;0.255319;0.000000;0.000000;0.000000;0.000000;2.000000;-91.362305;-637.255127;1760.384033;0.375035;0.000000;0.000000;0.000000;0.000000;2.000000;-171.396454;-359.274994;1793.140137;0.825327;0.000000;0.000000;0.000000;0.000000;2.000000;-238.320587;-186.918304;1952.879028;0.885309;0.000000;0.000000;0.000000;0.000000;2.000000;-309.616486;-139.481674;2007.259766;2.047726;0.000000;0.000000;0.000000;0.000000;2.000000;-386.067413;-113.674164;2087.554199;3.933520;0.000000;0.000000;0.000000;0.000000;2.000000;-272.253448;-129.889618;2058.064941;2.263419;0.000000;0.000000;0.000000;0.000000;2.000000;-4.696320;-666.927124;1960.691895;0.240820;0.000000;0.000000;0.000000;0.000000;2.000000;66.681885;-612.961914;2066.461670;0.449730;0.000000;0.000000;0.000000;0.000000;2.000000;137.452911;-329.883698;2119.815918;1.396794;0.000000;0.000000;0.000000;0.000000;2.000000;144.756973;-86.445236;2163.492676;1.343256;0.000000;0.000000;0.000000;0.000000;2.000000;169.756470;14.100746;2198.071289;2.215308;0.000000;0.000000;0.000000;0.000000;2.000000;168.820374;73.654549;2103.351074;2.946127;0.000000;0.000000;0.000000;0.000000;2.000000;156.386948;52.803314;2145.184082;2.955120;0.000000;0.000000;0.000000;0.000000;2.000000;-12.250061;-127.029678;1907.536621;0.229263;0.000000;0.000000;0.000000;0.000000;2.000000;69.414124;279.414490;1985.014038;0.177317;0.000000;0.000000;0.000000;0.000000;2.000000;265.290405;629.233154;2026.426514;0.536402;0.000000;0.000000;0.000000;0.000000;2.000000;190.417068;811.269409;2012.040527;0.816752;0.000000;0.000000;0.000000;0.000000;2.000000;11.046417;-170.713333;2083.378418;0.206738;0.000000;0.000000;0.000000;0.000000;2.000000;-142.961029;219.761337;2119.395752;0.292569;0.000000;0.000000;0.000000;0.000000;2.000000;-166.896515;626.180542;2131.316650;0.534569;0.000000;0.000000;0.000000;0.000000;2.000000;-302.748016;746.640869;2129.124023;0.536883;0.000000;0.000000;0.000000;0.000000;2.000000;-44.208862;-787.901733;1940.303711;0.351659;0.000000;0.000000;0.000000;0.000000;2.000000;-187.921478;-797.712646;2029.225220;0.634133;0.000000;0.000000;0.000000;0.000000;2.000000;-172.844757;-844.880859;1997.213013;0.647024;0.000000;0.000000;0.000000;0.000000;2.000000;-101.389465;-865.327759;1886.253174;0.562777;0.000000;0.000000;0.000000;0.000000;2.000000;-148.269135;-831.745117;2044.723877;0.662526;0.000000;0.000000;0.000000;0.000000;2.000000;-10.888184;-838.856201;2033.427368;0.507417;0.000000;0.000000;0.000000;0.000000;2.000000;4724800000.000000
0.000000;-150.000000;2000.000000;0.000000;0.000000;0.000000;0.000000;0.000000;2.000000;-13.374969;-331.616699;1960.933105;0.168132;0.000000;0.000000;0.000000;0.000000;2.000000;-4.178162;-476.479919;1927.750977;0.285797;0.000000;0.000000;0.000000;0.000000;2.000000;-18.686615;-702.535950;1935.490967;0.215146;0.000000;0.000000;0.000000;0.000000;2.000000;-26.679474;-665.981201;1900.587158;0.241136;0.000000;0.000000;0.000000;0.000000;2.000000;-71.822205;-643.121521;1760.187866;0.613061;0.000000;0.000000;0.000000;0.000000;2.000000;-165.828369;-370.551514;1770.092529;0.788930;0.000000;0.000000;0.000000;0.000000;2.000000;-260.372131;-173.296768;1873.930420;2.496831;0.000000;0.000000;0.000000;0.000000;2.000000;-314.606140;-148.765182;1954.940918;1.603662;0.000000;0.000000;0.000000;0.000000;2.000000;-359.554993;-137.907700;2057.834229;1.400849;0.000000;0.000000;0.000000;0.000000;2.000000;-264.005249;-123.655075;1986.229248;2.180768;0.000000;0.000000;0.000000;0.000000;2.000000;-3.868011;-664.545898;1967.021362;0.204721;0.000000;0.000000;0.000000;0.000000;2.000000;51.779083;-623.642151;2085.680664;0.798132;0.000000;0.000000;0.000000;0.000000;2.000000;139.987213;-351.058289;2151.453613;1.146455;0.000000;0.000000;0.000000;0.000000;2.000000;106.945190;-110.366867;2184.618652;1.486782;0.000000;0.000000;0.000000;0.000000;2.000000;167.734756;-21.013786;2190.670410;1.080014;0.000000;0.000000;0.000000;0.000000;1.000000;201.218613;47.441273;2110.125977;1.268684;0.000000;0.000000;0.000000;0.000000;1.000000;152.222260;17.909096;2146.322510;1.056500;0.000000;0.000000;0.000000;0.000000;1.000000;-9.407379;-129.417847;1907.537109;0.111560;0.000000;0.000000;0.000000;0.000000;2.000000;63.645416;275.610229;1980.274170;0.251789;0.000000;0.000000;0.000000;0.000000;2.000000;278.298370;610.384705;2017.543457;0.738095;0.000000;0.000000;0.000000;0.000000;2.000000;211.184921;793.788940;2007.079346;0.829177;0.000000;0.000000;0.000000;0.000000;2.000000;8.483032;-168.559830;2083.377930;0.100598;0.000000;0.000000;0.000000;0.000000;2.000000;-133.542358;222.659729;2116.170410;0.311567;0.000000;0.000000;0.000000;0.000000;2.000000;-146.813904;625.919189;2127.066650;0.616859;0.000000;0.000000;0.000000;0.000000;2.000000;-277.808838;749.285706;2126.647217;0.757243;0.000000;0.000000;0.000000;0.000000;2.000000;-37.283752;-785.434448;1942.878418;0.234055;0.000000;0.000000;0.000000;0.000000;2.000000;-183.536804;-797.670105;2024.133667;0.201907;0.000000;0.000000;0.000000;0.000000;2.000000;-168.051575;-842.674255;1990.231689;0.262955;0.000000;0.000000;0.000000;0.000000;2.000000;-92.901459;-857.586121;1882.315552;0.364913;0.000000;0.000000;0.000000;0.000000;2.000000;-145.539551;-833.054993;2039.016846;0.194122;0.000000;0.000000;0.000000;0.000000;2.000000;-9.183594;-842.136414;2033.164917;0.111358;0.000000;0.000000;0.000000;0.000000;2.000000;4724833280.000000
0.000000;-150.000000;2000.000000;0.000000;0.000000;0.000000;0.000000;0.000000;2.000000;-13.858063;-333.578918;1962.342407;0.074029;0.000000;0.000000;0.000000;0.000000;2.000000;-6.462402;-480.254242;1930.720581;0.159798;0.000000;0.000000;0.000000;0.000000;2.000000;-17.132172;-708.672363;1928.813232;0.276482;0.000000;0.000000;0.000000;0.000000;2.000000;-24.203552;-670.545288;1894.729980;0.235197;0.000000;0.000000;0.000000;0.000000;2.000000;-59.358002;-637.547363;1752.087891;0.477034;0.000000;0.000000;0.000000;0.000000;2.000000;-153.635742;-362.182861;1754.773438;0.639798;0.000000;0.000000;0.000000;0.000000;2.000000;-265.183533;-160.682739;1836.232910;1.203187;0.000000;0.000000;0.000000;0.000000;2.000000;-339.211060;-115.764709;1889.046021;2.334597;0.000000;0.000000;0.000000;0.000000;2.000000;-417.399475;-63.329346;1953.002441;4.238549;0.000000;0.000000;0.000000;0.000000;2.000000;-327.308533;-86.271606;1930.744263;2.767591;0.000000;0.000000;0.000000;0.000000;2.000000;-4.445831;-671.407104;1962.798096;0.242713;0.000000;0.000000;0.000000;0.000000;2.000000;43.026459;-641.431885;2089.428955;0.606296;0.000000;0.000000;0.000000;0.000000;2.000000;123.462128;-366.593292;2166.571777;0.819037;0.000000;0.000000;0.000000;0.000000;2.000000;102.266663;-123.945053;2209.861816;0.872675;0.000000;0.000000;0.000000;0.000000;2.000000;167.378540;-38.781738;2189.039551;0.536244;0.000000;0.000000;0.000000;0.000000;1.000000;220.538452;25.608414;2114.588623;0.886212;0.000000;0.000000;0.000000;0.000000;1.000000;150.816956;-7.459282;2145.422852;0.763918;0.000000;0.000000;0.000000;0.000000;1.000000;-7.780487;-130.201050;1906.344482;0.065022;0.000000;0.000000;0.000000;0.000000;2.000000;55.533997;280.869934;1975.750366;0.320719;0.000000;0.000000;0.000000;0.000000;2.000000;290.875916;606.431763;2007.711182;0.494192;0.000000;0.000000;0.000000;0.000000;2.000000;228.948227;793.269653;1993.825195;0.666144;0.000000;0.000000;0.000000;0.000000;2.000000;7.015991;-167.853577;2084.453369;0.058633;0.000000;0.000000;0.000000;0.000000;2.000000;-135.070557;227.909531;2109.062988;0.269448;0.000000;0.000000;0.000000;0.000000;2.000000;-131.620911;635.116089;2110.859375;0.722458;0.000000;0.000000;0.000000;0.000000;2.000000;-263.078613;760.296875;2113.687012;0.676043;0.000000;0.000000;0.000000;0.000000;2.000000;-34.641418;-792.850098;1932.045410;0.402384;0.000000;0.000000;0.000000;0.000000;2.000000;-192.051514;-796.264648;1994.148315;0.937576;0.000000;0.000000;0.000000;0.000000;2.000000;-172.676758;-845.058960;1967.326172;0.705805;0.000000;0.000000;0.000000;0.000000;2.000000;-83.152649;-871.650635;1871.890503;0.602111;0.000000;0.000000;0.000000;0.000000;2.000000;-156.638062;-830.215088;2017.874390;0.722558;0.000000;0.000000;0.000000;0.000000;2.000000;-19.678833;-840.107910;2031.629761;0.324494;0.000000;0.000000;0.000000;0.000000;2.000000;4724866560.000000
0.000000;-150.000000;2000.000000;0.000000;0.000000;0.000000;0.000000;0.000000;2.000000;-12.813385;-332.145203;1953.020996;0.285117;0.000000;0.000000;0.000000;0.000000;2.000000;-5.827637;-477.208679;1912.680298;0.550077;0.000000;0.000000;0.000000;0.000000;2.000000;-27.024658;-705.646118;1915.825562;0.498924;0.000000;0.000000;0.000000;0.000000;2.000000;-33.521484;-667.760864;1881.102173;0.503064;0.000000;0.000000;0.000000;0.000000;2.000000;-66.374664;-627.854065;1739.145874;0.529639;0.000000;0.000000;0.000000;0.000000;2.000000;-148.031647;-347.488892;1743.220581;0.586351;0.000000;0.000000;0.000000;0.000000;2.000000;-265.457245;-138.997803;1796.358643;1.363888;0.000000;0.000000;0.000000;0.000000;2.000000;-363.145294;-117.653763;1815.262451;2.331473;0.000000;0.000000;0.000000;0.000000;2.000000;-439.463654;-47.027100;1862.459351;2.842783;0.000000;0.000000;0.000000;0.000000;2.000000;-367.639435;-57.005310;1871.870483;2.317644;0.000000;0.000000;0.000000;0.000000;2.000000;-11.459320;-668.243591;1948.712158;0.482279;0.000000;0.000000;0.000000;0.000000;2.000000;46.332428;-617.454224;2064.456055;1.045009;0.000000;0.000000;0.000000;0.000000;2.000000;109.474091;-332.378479;2007.082642;4.919367;0.000000;0.000000;0.000000;0.000000;2.000000;85.218079;-86.694000;1981.344360;6.975978;0.000000;0.000000;0.000000;0.000000;1.000000;157.243103;-53.111496;2056.779541;4.009001;0.000000;0.000000;0.000000;0.000000;1.000000;207.277206;22.140869;2123.356934;0.488933;0.000000;0.000000;0.000000;0.000000;1.000000;132.967438;-22.977097;2100.230225;1.532682;0.000000;0.000000;0.000000;0.000000;1.000000;-15.624878;-125.223145;1908.197510;0.284661;0.000000;0.000000;0.000000;0.000000;2.000000;44.518188;287.745605;1977.744385;0.394762;0.000000;0.000000;0.000000;0.000000;2.000000;295.400330;603.815674;2003.124634;0.208938;0.000000;0.000000;0.000000;0.000000;2.000000;233.490128;790.977478;1984.825317;0.310646;0.000000;0.000000;0.000000;0.000000;2.000000;14.089630;-172.342392;2082.782227;0.256693;0.000000;0.000000;0.000000;0.000000;2.000000;-76.121429;233.188309;2160.363281;2.353473;0.000000;0.000000;0.000000;0.000000;1.000000;-49.450592;638.910156;2200.642090;3.658875;0.000000;0.000000;0.000000;0.000000;1.000000;-173.662445;760.551819;2255.001953;5.024882;0.000000;0.000000;0.000000;0.000000;1.000000;-48.303406;-789.126160;1921.378296;0.532712;0.000000;0.000000;0.000000;0.000000;2.000000;-215.102570;-776.359375;1950.592041;1.596998;0.000000;0.000000;0.000000;0.000000;2.000000;-194.063202;-830.053650;1937.428833;1.193022;0.000000;0.000000;0.000000;0.000000;2.000000;-89.548431;-876.901428;1867.922607;0.275757;0.000000;0.000000;0.000000;0.000000;2.000000;-186.999420;-806.208252;1986.769775;1.492043;0.000000;0.000000;0.000000;0.000000;2.000000;-55.639435;-817.022034;2029.198486;1.286126;0.000000;0.000000;0.000000;0.000000;2.000000;4724899840.000000
0.000000;-150.000000;2000.000000;0.000000;0.000000;0.000000;0.000000;0.000000;2.000000;-2.844971;-333.820587;1952.843506;0.303780;0.000000;0.000000;0.000000;0.000000;2.000000;5.964355;-479.955322;1912.976196;0.363920;0.000000;0.000000;0.000000;0.000000;2.000000;-13.853516;-710.010986;1918.082764;0.422414;0.000000;0.000000;0.000000;0.000000;2.000000;-18.192413;-672.439453;1882.186768;0.482687;0.000000;0.000000;0.000000;0.000000;2.000000;-48.034698;-629.023865;1739.525757;0.552319;0.000000;0.000000;0.000000;0.000000;2.000000;-131.291168;-347.394257;1726.151001;0.718409;0.000000;0.000000;0.000000;0.000000;2.000000;-257.773468;-136.157944;1742.371582;1.640776;0.000000;0.000000;0.000000;0.000000;2.000000;-354.905731;-104.413834;1749.549561;2.029384;0.000000;0.000000;0.000000;0.000000;2.000000;-443.737030;-45.347519;1792.376343;2.110374;0.000000;0.000000;0.000000;0.000000;2.000000;-354.518463;-43.207077;1793.946167;2.410363;0.000000;0.000000;0.000000;0.000000;2.000000;-0.835297;-671.755554;1951.639893;0.347540;0.000000;0.000000;0.000000;0.000000;2.000000;41.469849;-617.032654;2073.250732;0.302232;0.000000;0.000000;0.000000;0.000000;2.000000;126.007294;-336.240387;2012.128540;0.532218;0.000000;0.000000;0.000000;0.000000;2.000000;106.193176;-90.000885;1974.627563;0.669206;0.000000;0.000000;0.000000;0.000000;1.000000;178.756134;-55.275528;2050.090332;0.680069;0.000000;0.000000;0.000000;0.000000;1.000000;229.341278;18.307823;2119.324707;0.683734;0.000000;0.000000;0.000000;0.000000;1.000000;154.227905;-27.628586;2095.108887;0.671809;0.000000;0.000000;0.000000;0.000000;1.000000;-19.748169;-126.114090;1908.081787;0.126804;0.000000;0.000000;0.000000;0.000000;2.000000;6.927948;297.336975;1944.963013;1.526146;0.000000;0.000000;0.000000;0.000000;2.000000;293.185913;581.855835;1997.598877;0.683666;0.000000;0.000000;0.000000;0.000000;2.000000;257.186340;777.814941;1992.727173;0.848401;0.000000;0.000000;0.000000;0.000000;2.000000;17.807831;-171.538971;2082.886719;0.114346;0.000000;0.000000;0.000000;0.000000;2.000000;-51.770233;235.273193;2186.110840;1.066713;0.000000;0.000000;0.000000;0.000000;1.000000;8.740204;639.895508;2228.396973;1.937454;0.000000;0.000000;0.000000;0.000000;1.000000;-102.869232;768.292114;2296.808594;2.481357;0.000000;0.000000;0.000000;0.000000;1.000000;-34.996429;-794.132568;1923.411011;0.431555;0.000000;0.000000;0.000000;0.000000;2.000000;-202.119720;-775.178345;1953.960693;0.404587;0.000000;0.000000;0.000000;0.000000;2.000000;-183.902802;-828.542419;1934.828247;0.318397;0.000000;0.000000;0.000000;0.000000;2.000000;-81.018463;-873.536926;1860.137573;0.361436;0.000000;0.000000;0.000000;0.000000;2.000000;-175.800507;-810.604187;1986.850342;0.361510;0.000000;0.000000;0.000000;0.000000;2.000000;-44.675995;-833.558167;2028.173218;0.596961;0.000000;0.000000;0.000000;0.000000;2.000000;4724933120.000000
0.000000;-150.000000;2000.000000;0.000000;0.000000;0.000000;0.000000;0.000000;2.000000;-4.188293;-331.200012;1951.167480;0.100271;0.000000;0.000000;0.000000;0.000000;2.000000;1.924072;-475.406250;1910.093384;0.199238;0.000000;0.000000;0.000000;0.000000;2.000000;-19.872406;-702.760254;1913.989258;0.304039;0.000000;0.000000;0.000000;0.000000;2.000000;-22.754456;-665.485779;1878.465576;0.269625;0.000000;0.000000;0.000000;0.000000;2.000000;-43.849487;-621.845215;1736.080933;0.266197;0.000000;0.000000;0.000000;0.000000;2.000000;-134.347900;-347.852539;1700.339600;0.769289;0.000000;0.000000;0.000000;0.000000;2.000000;-254.554199;-135.679764;1691.064819;1.521362;0.000000;0.000000;0.000000;0.000000;2.000000;-347.377319;-95.243546;1687.373291;1.873171;0.000000;0.000000;0.000000;0.000000;2.000000;-439.842712;-31.051590;1703.344971;2.670925;0.000000;0.000000;0.000000;0.000000;2.000000;-323.931885;-37.381592;1663.855957;3.958466;0.000000;0.000000;0.000000;0.000000;2.000000;-7.663879;-665.116089;1947.644775;0.305642;0.000000;0.000000;0.000000;0.000000;2.000000;35.237976;-609.264526;2066.751221;0.351923;0.000000;0.000000;0.000000;0.000000;2.000000;108.477692;-339.133362;1969.625244;1.363257;0.000000;0.000000;0.000000;0.000000;2.000000;101.803925;-101.413483;1902.432739;2.166873;0.000000;0.000000;0.000000;0.000000;1.000000;166.969513;-62.869064;1980.969971;2.087124;0.000000;0.000000;0.000000;0.000000;1.000000;222.989929;-2.905441;2056.826416;1.962157;0.000000;0.000000;0.000000;0.000000;1.000000;134.632477;-45.889587;2030.844727;2.060332;0.000000;0.000000;0.000000;0.000000;1.000000;-21.124573;-125.193634;1909.764160;0.069855;0.000000;0.000000;0.000000;0.000000;2.000000;-2.216858;293.636230;1950.356445;0.332721;0.000000;0.000000;0.000000;0.000000;2.000000;268.085083;590.519531;1979.448364;0.951837;0.000000;0.000000;0.000000;0.000000;2.000000;227.038422;783.237549;1974.186279;1.059599;0.000000;0.000000;0.000000;0.000000;2.000000;19.048950;-172.369003;2081.369629;0.062991;0.000000;0.000000;0.000000;0.000000;2.000000;-22.892029;233.007141;2186.027100;0.857218;0.000000;0.000000;0.000000;0.000000;1.000000;40.621002;631.735168;2235.610840;0.996982;0.000000;0.000000;0.000000;0.000000;1.000000;-64.551208;761.328735;2306.554688;1.188049;0.000000;0.000000;0.000000;0.000000;1.000000;-41.682800;-785.776428;1918.420654;0.349441;0.000000;0.000000;0.000000;0.000000;2.000000;-208.326294;-760.391296;1931.476807;0.817267;0.000000;0.000000;0.000000;0.000000;2.000000;-190.302612;-815.454041;1920.918335;0.596094;0.000000;0.000000;0.000000;0.000000;2.000000;-83.987610;-870.759888;1862.354004;0.137026;0.000000;0.000000;0.000000;0.000000;2.000000;-186.163208;-791.496887;1970.265259;0.809102;0.000000;0.000000;0.000000;0.000000;2.000000;-61.109863;-811.177917;2024.839722;0.827573;0.000000;0.000000;0.000000;0.000000;2.000000;4724966912.000000
0.000000;-150.000000;2000.000000;0.000000;0.000000;0.000000;0.000000;0.000000;2.000000;5.110504;-334.617920;1952.452759;0.300183;0.000000;0.000000;0.000000;0.000000;2.000000;11.333160;-482.034912;1914.049316;0.365698;0.000000;0.000000;0.000000;0.000000;2.000000;-11.764923;-712.954468;1912.159180;0.395224;0.000000;0.000000;0.000000;0.000000;2.000000;-12.381073;-674.383728;1876.701904;0.414065;0.000000;0.000000;0.000000;0.000000;2.000000;-30.748627;-629.365356;1731.831055;0.471522;0.000000;0.000000;0.000000;0.000000;2.000000;-133.456696;-357.974854;1676.505737;0.778534;0.000000;0.000000;0.000000;0.000000;2.000000;-219.347565;-130.127869;1629.818359;2.129275;0.000000;0.000000;0.000000;0.000000;2.000000;-321.265045;-116.571335;1624.863281;2.134096;0.000000;0.000000;0.000000;0.000000;2.000000;-403.054718;-40.980301;1655.496094;1.837963;0.000000;0.000000;0.000000;0.000000;2.000000;-316.917816;-62.152100;1584.665161;2.502115;0.000000;0.000000;0.000000;0.000000;2.000000;-1.327118;-675.429932;1947.778198;0.363753;0.000000;0.000000;0.000000;0.000000;2.000000;17.114746;-620.508545;2075.866455;0.696939;0.000000;0.000000;0.000000;0.000000;2.000000;96.020569;-330.062073;2072.640381;3.129848;0.000000;0.000000;0.000000;0.000000;1.000000;79.506927;-79.659271;2064.697998;4.964795;0.000000;0.000000;0.000000;0.000000;1.000000;165.958801;-61.870697;1997.665771;0.503490;0.000000;0.000000;0.000000;0.000000;1.000000;228.201172;31.745609;2013.549072;1.673217;0.000000;0.000000;0.000000;0.000000;1.000000;172.792847;-55.648361;1988.401001;1.739915;0.000000;0.000000;0.000000;0.000000;1.000000;-18.917084;-126.643814;1907.278809;0.108976;0.000000;0.000000;0.000000;0.000000;2.000000;-57.001678;299.488770;1917.262085;1.931244;0.000000;0.000000;0.000000;0.000000;2.000000;257.995117;556.622742;1961.176514;1.196148;0.000000;0.000000;0.000000;0.000000;2.000000;224.454498;753.847656;1952.139893;1.106686;0.000000;0.000000;0.000000;0.000000;2.000000;17.058350;-171.061310;2083.610840;0.098270;0.000000;0.000000;0.000000;0.000000;2.000000;-95.355988;238.981400;2128.029541;2.794703;0.000000;0.000000;0.000000;0.000000;2.000000;-76.336395;648.614502;2076.591309;5.953096;0.000000;0.000000;0.000000;0.000000;2.000000;-218.035919;766.010498;2085.948242;8.076545;0.000000;0.000000;0.000000;0.000000;2.000000;-34.430939;-797.269104;1913.669678;0.432570;0.000000;0.000000;0.000000;0.000000;2.000000;-202.634186;-762.524963;1916.168335;0.494929;0.000000;0.000000;0.000000;0.000000;2.000000;-186.657990;-819.318237;1906.206299;0.470000;0.000000;0.000000;0.000000;0.000000;2.000000;-78.140839;-880.936707;1853.369629;0.444134;0.000000;0.000000;0.000000;0.000000;2.000000;-184.432404;-795.460144;1956.698975;0.427853;0.000000;0.000000;0.000000;0.000000;2.000000;-62.490570;-822.463196;2020.080688;0.370351;0.000000;0.000000;0.000000;0.000000;2.000000;4725000192.000000
0.000000;-150.000000;2000.000000;0.000000;0.000000;0.000000;0.000000;0.000000;2.000000;11.924927;-332.102966;1953.736206;0.221641;0.000000;0.000000;0.000000;0.000000;2.000000;18.835236;-477.970337;1917.293823;0.274293;0.000000;0.000000;0.000000;0.000000;2.000000;0.388306;-706.330566;1916.989868;0.440502;0.000000;0.000000;0.000000;0.000000;2.000000;1.173462;-668.684143;1881.528809;0.465027;0.000000;0.000000;0.000000;0.000000;2.000000;-11.038208;-618.655701;1739.737793;0.714686;0.000000;0.000000;0.000000;0.000000;2.000000;-107.880859;-355.176270;1660.746948;0.906583;0.000000;0.000000;0.000000;0.000000;2.000000;-188.961304;-134.009384;1594.291870;1.409547;0.000000;0.000000;0.000000;0.000000;2.000000;-285.895447;-118.673706;1567.944946;2.014594;0.000000;0.000000;0.000000;0.000000;2.000000;-370.057312;-43.067886;1582.176636;2.416756;0.000000;0.000000;0.000000;0.000000;2.000000;-270.895081;-66.184784;1529.469604;2.162816;0.000000;0.000000;0.000000;0.000000;2.000000;7.886475;-668.688538;1952.226807;0.368168;0.000000;0.000000;0.000000;0.000000;2.000000;9.009949;-608.498840;2077.268799;0.437390;0.000000;0.000000;0.000000;0.000000;2.000000;77.309174;-321.359009;2111.525635;1.322772;0.000000;0.000000;0.000000;0.000000;1.000000;81.532013;-74.094406;2128.070313;1.912512;0.000000;0.000000;0.000000;0.000000;1.000000;144.341339;-55.267807;2040.484497;1.454884;0.000000;0.000000;0.000000;0.000000;1.000000;221.130615;22.046783;2014.257568;0.361280;0.000000;0.000000;0.000000;0.000000;1.000000;175.128998;-62.523575;2036.013306;1.447200;0.000000;0.000000;0.000000;0.000000;1.000000;-21.269226;-128.204163;1908.725098;0.095300;0.000000;0.000000;0.000000;0.000000;2.000000;-76.958008;290.540253;1913.737305;0.665655;0.000000;0.000000;0.000000;0.000000;2.000000;237.506042;541.493042;1947.543091;0.868062;0.000000;0.000000;0.000000;0.000000;2.000000;212.729279;737.626770;1948.031982;0.613947;0.000000;0.000000;0.000000;0.000000;2.000000;19.179382;-169.654266;2082.306641;0.085937;0.000000;0.000000;0.000000;0.000000;2.000000;-89.201233;233.846375;2141.722168;0.476750;0.000000;0.000000;0.000000;0.000000;2.000000;-54.342224;635.103882;2076.662842;0.775616;0.000000;0.000000;0.000000;0.000000;2.000000;-189.482910;756.689758;2082.754395;0.907607;0.000000;0.000000;0.000000;0.000000;2.000000;-20.499451;-789.954346;1918.210083;0.492098;0.000000;0.000000;0.000000;0.000000;2.000000;-188.172668;-764.894836;1921.633423;0.469961;0.000000;0.000000;0.000000;0.000000;2.000000;-169.377563;-819.941101;1911.366455;0.542223;0.000000;0.000000;0.000000;0.000000;2.000000;-59.307556;-874.434448;1858.340942;0.617037;0.000000;0.000000;0.000000;0.000000;2.000000;-168.246094;-796.614136;1961.353027;0.507260;0.000000;0.000000;0.000000;0.000000;2.000000;-46.282288;-816.970581;2023.215088;0.522786;0.000000;0.000000;0.000000;0.000000;2.000000;4725033472.000000
0.000000;-150.000000;2000.000000;0.000000;0.000000;0.000000;0.000000;0.000000;2.000000;12.286987;-330.666504;1955.826294;0.076978;0.000000;0.000000;0.000000;0.000000;2.000000;19.892700;-475.314301;1920.840942;0.136891;0.000000;0.000000;0.000000;0.000000;2.000000;1.744690;-701.304565;1913.829834;0.182988;0.000000;0.000000;0.000000;0.000000;2.000000;5.245178;-663.224487;1879.770020;0.211364;0.000000;0.000000;0.000000;0.000000;2.000000;7.838318;-611.027710;1739.858765;0.611775;0.000000;0.000000;0.000000;0.000000;2.000000;-76.000549;-352.170258;1643.315796;1.095513;0.000000;0.000000;0.000000;0.000000;2.000000;-148.205994;-135.072128;1563.475586;1.535621;0.000000;0.000000;0.000000;0.000000;2.000000;-242.816528;-131.772675;1529.428467;1.780433;0.000000;0.000000;0.000000;0.000000;2.000000;-265.971558;-44.683655;1461.427856;4.790452;0.000000;0.000000;0.000000;0.000000;2.000000;-236.683655;-58.412987;1476.307617;1.913904;0.000000;0.000000;0.000000;0.000000;2.000000;6.425537;-664.873657;1950.050659;0.139078;0.000000;0.000000;0.000000;0.000000;2.000000;-1.947449;-608.310425;2074.986328;0.336364;0.000000;0.000000;0.000000;0.000000;2.000000;64.145111;-327.099884;2130.600586;0.717453;0.000000;0.000000;0.000000;0.000000;1.000000;66.646667;-83.486526;2159.960449;1.094495;0.000000;0.000000;0.000000;0.000000;1.000000;128.423523;-59.812210;2074.187500;1.128273;0.000000;0.000000;0.000000;0.000000;1.000000;203.379852;5.096756;2024.369873;0.797635;0.000000;0.000000;0.000000;0.000000;1.000000;170.929871;-68.750534;2075.068115;1.195025;0.000000;0.000000;0.000000;0.000000;1.000000;-15.645508;-128.686523;1908.477905;0.169765;0.000000;0.000000;0.000000;0.000000;2.000000;-91.991577;282.479309;1915.929810;0.516787;0.000000;0.000000;0.000000;0.000000;2.000000;212.264526;540.688293;1939.136597;0.799782;0.000000;0.000000;0.000000;0.000000;2.000000;167.706909;730.527588;1922.258179;1.573355;0.000000;0.000000;0.000000;0.000000;2.000000;14.108215;-169.219315;2082.529541;0.153085;0.000000;0.000000;0.000000;0.000000;2.000000;-97.796021;230.890030;2126.747070;0.526368;0.000000;0.000000;0.000000;0.000000;2.000000;-33.047485;626.620728;2078.101563;0.690125;0.000000;0.000000;0.000000;0.000000;2.000000;-158.464600;755.814941;2080.922363;0.934035;0.000000;0.000000;0.000000;0.000000;2.000000;-18.953308;-784.067993;1911.488037;0.272471;0.000000;0.000000;0.000000;0.000000;2.000000;-186.475037;-773.574341;1914.861084;0.334710;0.000000;0.000000;0.000000;0.000000;2.000000;-163.218750;-826.893799;1908.869263;0.289004;0.000000;0.000000;0.000000;0.000000;2.000000;-50.198120;-875.241821;1859.561157;0.277229;0.000000;0.000000;0.000000;0.000000;2.000000;-163.881714;-799.867188;1956.334839;0.222462;0.000000;0.000000;0.000000;0.000000;2.000000;-41.531799;-804.446411;2017.553345;0.436967;0.000000;0.000000;0.000000;0.000000;2.000000;4725066752.000000
0.000000;-150.000000;2000.000000;0.000000;0.000000;0.000000;0.000000;0.000000;2.000000;14.338318;-330.434326;1954.326050;0.076682;0.000000;0.000000;0.000000;0.000000;2.000000;21.696289;-475.141357;1918.576538;0.087141;0.000000;0.000000;0.000000;0.000000;2.000000;-0.740906;-700.941223;1907.739014;0.197972;0.000000;0.000000;0.000000;0.000000;2.000000;6.003235;-662.561523;1874.393799;0.164355;0.000000;0.000000;0.000000;0.000000;2.000000;19.580994;-604.367310;1737.269043;0.413047;0.000000;0.000000;0.000000;0.000000;2.000000;-54.170410;-348.718567;1624.068359;0.880636;0.000000;0.000000;0.000000;0.000000;2.000000;-121.237427;-134.691330;1531.372803;1.259884;0.000000;0.000000;0.000000;0.000000;2.000000;-213.818604;-119.634918;1494.575562;1.410318;0.000000;0.000000;0.000000;0.000000;2.000000;-234.621277;-37.674881;1419.520508;1.586638;0.000000;0.000000;0.000000;0.000000;2.000000;-205.455505;-53.902794;1441.588013;1.409697;0.000000;0.000000;0.000000;0.000000;2.000000;2.118652;-664.919800;1944.663696;0.207246;0.000000;0.000000;0.000000;0.000000;2.000000;-19.518005;-608.257690;2068.183105;0.566158;0.000000;0.000000;0.000000;0.000000;2.000000;37.147095;-327.700500;2138.041992;0.841683;0.000000;0.000000;0.000000;0.000000;1.000000;34.050598;-84.647079;2174.293213;1.070521;0.000000;0.000000;0.000000;0.000000;1.000000;104.343903;-58.037949;2096.060791;0.978948;0.000000;0.000000;0.000000;0.000000;1.000000;181.491913;-4.090210;2036.995972;0.807897;0.000000;0.000000;0.000000;0.000000;1.000000;153.398682;-69.772247;2106.187744;1.073696;0.000000;0.000000;0.000000;0.000000;1.000000;-19.335510;-128.519928;1909.073364;0.112423;0.000000;0.000000;0.000000;0.000000;2.000000;-117.450134;278.170898;1887.878662;1.145603;0.000000;0.000000;0.000000;0.000000;2.000000;168.525146;554.535461;1933.797363;1.387878;0.000000;0.000000;0.000000;0.000000;2.000000;102.426331;735.520264;1897.728027;2.100833;0.000000;0.000000;0.000000;0.000000;2.000000;17.435669;-169.369522;2081.992676;0.101377;0.000000;0.000000;0.000000;0.000000;2.000000;-98.271667;228.873398;2137.760742;0.336745;0.000000;0.000000;0.000000;0.000000;2.000000;15.626160;606.588379;2048.229004;1.818539;0.000000;0.000000;0.000000;0.000000;2.000000;-106.023926;738.505127;2066.294189;1.716594;0.000000;0.000000;0.000000;0.000000;2.000000;-23.007935;-783.327332;1902.993408;0.283707;0.000000;0.000000;0.000000;0.000000;2.000000;-188.968262;-764.831177;1883.354004;0.985355;0.000000;0.000000;0.000000;0.000000;2.000000;-168.628479;-819.504944;1888.567627;0.669214;0.000000;0.000000;0.000000;0.000000;2.000000;-53.744507;-880.239197;1861.943848;0.197560;0.000000;0.000000;0.000000;0.000000;2.000000;-173.175842;-785.216980;1930.953735;0.923806;0.000000;0.000000;0.000000;0.000000;2.000000;-59.331360;-785.531921;2007.337402;0.838631;0.000000;0.000000;0.000000;0.000000;2.000000;4725100032.000000
0.000000;-150.000000;2000.000000;0.000000;0.000000;0.000000;0.000000;0.000000;2.000000;13.225952;-329.480042;1951.051025;0.107813;0.000000;0.000000;0.000000;0.000000;2.000000;17.796692;-473.574829;1913.010864;0.209557;0.000000;0.000000;0.000000;0.000000;2.000000;-1.646912;-699.445190;1902.246460;0.173206;0.000000;0.000000;0.000000;0.000000;2.000000;5.741516;-661.129822;1869.036987;0.166797;0.000000;0.000000;0.000000;0.000000;2.000000;25.663452;-604.727600;1732.088745;0.240312;0.000000;0.000000;0.000000;0.000000;2.000000;-30.714722;-349.361084;1609.347778;0.832325;0.000000;0.000000;0.000000;0.000000;2.000000;-83.658691;-135.226227;1508.685913;1.319088;0.000000;0.000000;0.000000;0.000000;2.000000;-177.576416;-124.057861;1474.218018;1.256099;0.000000;0.000000;0.000000;0.000000;2.000000;-187.915039;-34.383232;1406.310181;1.461838;0.000000;0.000000;0.000000;0.000000;2.000000;-167.797791;-74.485275;1412.202393;1.562863;0.000000;0.000000;0.000000;0.000000;2.000000;-0.421875;-663.310486;1939.084106;0.190458;0.000000;0.000000;0.000000;0.000000;2.000000;-20.544250;-607.569763;2063.136475;0.156120;0.000000;0.000000;0.000000;0.000000;2.000000;21.007019;-327.871948;2144.905273;0.527030;0.000000;0.000000;0.000000;0.000000;1.000000;11.052368;-87.142578;2192.209961;0.879211;0.000000;0.000000;0.000000;0.000000;1.000000;82.731689;-55.325417;2117.393066;0.916103;0.000000;0.000000;0.000000;0.000000;1.000000;156.222351;-9.675262;2047.799561;0.842666;0.000000;0.000000;0.000000;0.000000;1.000000;134.655151;-72.812943;2130.350098;0.923403;0.000000;0.000000;0.000000;0.000000;1.000000;-18.828857;-126.707520;1909.506470;0.058025;0.000000;0.000000;0.000000;0.000000;2.000000;-146.340759;271.458038;1890.671631;0.895176;0.000000;0.000000;0.000000;0.000000;2.000000;109.824097;577.472656;1917.261963;1.957823;0.000000;0.000000;0.000000;0.000000;2.000000;43.925598;758.397949;1881.509888;1.949366;0.000000;0.000000;0.000000;0.000000;2.000000;16.978821;-171.003860;2081.602051;0.052325;0.000000;0.000000;0.000000;0.000000;2.000000;-90.640442;230.962921;2121.773926;0.535986;0.000000;0.000000;0.000000;0.000000;2.000000;34.314453;613.939819;2089.052734;1.367063;0.000000;0.000000;0.000000;0.000000;2.000000;-89.896057;742.805725;2109.848633;1.401540;0.000000;0.000000;0.000000;0.000000;2.000000;-22.774170;-782.023376;1897.066040;0.182500;0.000000;0.000000;0.000000;0.000000;2.000000;-190.133850;-771.200989;1906.666016;0.727004;0.000000;0.000000;0.000000;0.000000;2.000000;-166.859741;-824.883850;1906.161743;0.555373;0.000000;0.000000;0.000000;0.000000;2.000000;-55.818115;-878.898315;1858.041260;0.138769;0.000000;0.000000;0.000000;0.000000;2.000000;-165.554443;-792.262451;1949.997070;0.651685;0.000000;0.000000;0.000000;0.000000;2.000000;-40.499207;-789.348633;2005.793091;0.579236;0.000000;0.000000;0.000000;0.000000;2.000000;4725133312.000000
0.000000;-150.000000;2000.000000;0.000000;0.000000;0.000000;0.000000;0.000000;2.000000;16.303467;-331.914185;1956.559692;0.203223;0.000000;0.000000;0.000000;0.000000;2.000000;29.309631;-477.349182;1921.835571;0.450389;0.000000;0.000000;0.000000;0.000000;2.000000;4.310730;-703.648132;1902.893921;0.219942;0.000000;0.000000;0.000000;0.000000;2.000000;14.077454;-664.268433;1871.046997;0.274375;0.000000;0.000000;0.000000;0.000000;2.000000;39.330933;-603.580933;1735.737915;0.426462;0.000000;0.000000;0.000000;0.000000;2.000000;9.596741;-346.533386;1603.050903;1.228911;0.000000;0.000000;0.000000;0.000000;2.000000;-33.573303;-131.143661;1496.686523;1.552413;0.000000;0.000000;0.000000;0.000000;2.000000;-127.417786;-112.702133;1463.206665;1.580338;0.000000;0.000000;0.000000;0.000000;2.000000;-122.333435;-25.338257;1390.605713;2.044460;0.000000;0.000000;0.000000;0.000000;2.000000;-130.058716;-69.718048;1407.889282;1.150322;0.000000;0.000000;0.000000;0.000000;2.000000;4.997498;-668.499146;1941.151855;0.233849;0.000000;0.000000;0.000000;0.000000;2.000000;-18.404419;-615.712280;2066.919922;0.277345;0.000000;0.000000;0.000000;0.000000;2.000000;29.271118;-339.306458;2162.419922;0.675785;0.000000;0.000000;0.000000;0.000000;1.000000;-0.704468;-98.002426;2206.706055;0.648855;0.000000;0.000000;0.000000;0.000000;1.000000;72.672180;-61.372955;2134.748535;0.629562;0.000000;0.000000;0.000000;0.000000;1.000000;145.571899;-14.572861;2064.129395;0.604020;0.000000;0.000000;0.000000;0.000000;1.000000;127.576843;-73.380905;2153.352295;0.723358;0.000000;0.000000;0.000000;0.000000;1.000000;-16.573059;-129.456512;1907.750244;0.119174;0.000000;0.000000;0.000000;0.000000;2.000000;-145.071045;271.488251;1893.410156;0.090706;0.000000;0.000000;0.000000;0.000000;2.000000;62.042419;615.161011;1926.398926;1.849113;0.000000;0.000000;0.000000;0.000000;2.000000;-32.572693;774.864563;1860.017334;2.438354;0.000000;0.000000;0.000000;0.000000;2.000000;14.944702;-168.524963;2083.185547;0.107461;0.000000;0.000000;0.000000;0.000000;2.000000;-69.411560;242.327194;2117.491211;0.734891;0.000000;0.000000;0.000000;0.000000;2.000000;32.709839;633.983276;2076.256836;0.716160;0.000000;0.000000;0.000000;0.000000;2.000000;-94.071533;762.190430;2095.939941;0.727792;0.000000;0.000000;0.000000;0.000000;2.000000;-18.873901;-785.960754;1894.163574;0.187985;0.000000;0.000000;0.000000;0.000000;2.000000;-187.524353;-777.128784;1885.674805;0.660087;0.000000;0.000000;0.000000;0.000000;2.000000;-163.643616;-830.772644;1890.287354;0.517855;0.000000;0.000000;0.000000;0.000000;2.000000;-46.880371;-885.743042;1856.507935;0.341392;0.000000;0.000000;0.000000;0.000000;2.000000;-167.281860;-795.829407;1932.628662;0.535302;0.000000;0.000000;0.000000;0.000000;2.000000;-48.011658;-788.312378;2001.385986;0.263557;0.000000;0.000000;0.000000;0.000000;2.000000;4725166592.000000
0.000000;-150.000000;2000.000000;0.000000;0.000000;0.000000;0.000000;0.000000;2.000000;19.459167;-333.692169;1957.345581;0.111370;0.000000;0.000000;0.000000;0.000000;2.000000;35.842102;-480.429382;1923.134399;0.220496;0.000000;0.000000;0.000000;0.000000;2.000000;14.070374;-708.820374;1898.883911;0.353091;0.000000;0.000000;0.000000;0.000000;2.000000;24.118347;-668.287537;1867.755371;0.339700;0.000000;0.000000;0.000000;0.000000;2.000000;49.507080;-603.385803;1732.778320;0.318497;0.000000;0.000000;0.000000;0.000000;2.000000;33.379211;-343.584686;1596.856323;0.743757;0.000000;0.000000;0.000000;0.000000;2.000000;14.472168;-125.071274;1484.431885;1.501026;0.000000;0.000000;0.000000;0.000000;2.000000;-79.163330;-85.997299;1471.168701;1.674364;0.000000;0.000000;0.000000;0.000000;2.000000;-55.242798;-19.494804;1380.672852;2.045469;0.000000;0.000000;0.000000;0.000000;2.000000;-86.307373;-80.026413;1400.866699;1.367025;0.000000;0.000000;0.000000;0.000000;2.000000;13.430115;-674.110352;1938.223877;0.316815;0.000000;0.000000;0.000000;0.000000;2.000000;-13.050171;-623.845947;2065.902344;0.294195;0.000000;0.000000;0.000000;0.000000;2.000000;35.717285;-350.125854;2176.465576;0.566861;0.000000;0.000000;0.000000;0.000000;1.000000;-14.723511;-109.487671;2219.377930;0.664478;0.000000;0.000000;0.000000;0.000000;1.000000;58.242310;-66.949203;2148.632080;0.624587;0.000000;0.000000;0.000000;0.000000;1.000000;128.353027;-21.718033;2072.627441;0.615626;0.000000;0.000000;0.000000;0.000000;1.000000;114.884735;-79.657242;2168.938965;0.632743;0.000000;0.000000;0.000000;0.000000;1.000000;-15.386169;-129.911453;1906.468994;0.054231;0.000000;0.000000;0.000000;0.000000;2.000000;-151.463928;272.828430;1890.397095;0.216145;0.000000;0.000000;0.000000;0.000000;2.000000;-1.496582;648.630188;1930.089966;2.160750;0.000000;0.000000;0.000000;0.000000;2.000000;-113.413818;792.097473;1849.330811;2.504370;0.000000;0.000000;0.000000;0.000000;2.000000;13.874390;-168.114716;2084.341064;0.048906;0.000000;0.000000;0.000000;0.000000;2.000000;-46.009583;251.938232;2107.899902;0.812976;0.000000;0.000000;0.000000;0.000000;2.000000;47.174133;649.734436;2064.730957;0.729965;0.000000;0.000000;0.000000;0.000000;2.000000;-64.412659;794.933411;2061.178223;1.689153;0.000000;0.000000;0.000000;0.000000;2.000000;-8.032532;-792.039063;1887.884155;0.418427;0.000000;0.000000;0.000000;0.000000;2.000000;-177.446655;-771.325806;1893.069946;0.414100;0.000000;0.000000;0.000000;0.000000;2.000000;-157.003235;-827.144165;1891.061890;0.228564;0.000000;0.000000;0.000000;0.000000;2.000000;-46.025635;-886.746094;1843.322021;0.398185;0.000000;0.000000;0.000000;0.000000;2.000000;-155.161072;-795.856079;1936.936035;0.386521;0.000000;0.000000;0.000000;0.000000;2.000000;-29.949585;-802.635010;1997.438477;0.702739;0.000000;0.000000;0.000000;0.000000;2.000000;4725199872.000000
0.000000;-150.000000;2000.000000;0.000000;0.000000;0.000000;0.000000;0.000000;2.000000;18.213013;-332.690063;1960.137817;0.096686;0.000000;0.000000;0.000000;0.000000;2.000000;32.137329;-478.826721;1928.374268;0.198750;0.000000;0.000000;0.000000;0.000000;2.000000;13.695068;-705.138123;1901.670166;0.139207;0.000000;0.000000;0.000000;0.000000;2.000000;22.667236;-664.431946;1871.228149;0.161902;0.000000;0.000000;0.000000;0.000000;2.000000;45.424133;-599.568604;1737.299927;0.216025;0.000000;0.000000;0.000000;0.000000;2.000000;72.904297;-335.553040;1618.027832;1.368746;0.000000;0.000000;0.000000;0.000000;2.000000;21.068970;-107.142365;1548.765991;2.016546;0.000000;0.000000;0.000000;0.000000;2.000000;-51.712952;-89.415359;1480.420532;0.876458;0.000000;0.000000;0.000000;0.000000;2.000000;-0.462891;-19.300362;1406.900635;1.824978;0.000000;0.000000;0.000000;0.000000;2.000000;-12.671509;-58.919922;1418.063110;2.359002;0.000000;0.000000;0.000000;0.000000;2.000000;13.015869;-671.255554;1941.103271;0.122471;0.000000;0.000000;0.000000;0.000000;2.000000;-15.368286;-623.050476;2067.791504;0.092981;0.000000;0.000000;0.000000;0.000000;2.000000;34.158264;-361.192810;2197.781982;0.723215;0.000000;0.000000;0.000000;0.000000;1.000000;-34.418884;-127.844009;2242.736816;1.071036;0.000000;0.000000;0.000000;0.000000;1.000000;35.826233;-79.279526;2174.707520;1.097658;0.000000;0.000000;0.000000;0.000000;1.000000;102.534729;-32.022964;2098.376465;1.138576;0.000000;0.000000;0.000000;0.000000;1.000000;93.911011;-88.060776;2197.721680;1.099514;0.000000;0.000000;0.000000;0.000000;1.000000;-17.642090;-131.560974;1907.432495;0.088825;0.000000;0.000000;0.000000;0.000000;2.000000;-162.611572;264.155090;1896.369019;0.460786;0.000000;0.000000;0.000000;0.000000;2.000000;-80.564392;657.697876;1923.223389;2.400293;0.000000;0.000000;0.000000;0.000000;2.000000;-218.769409;786.768127;1867.009888;3.213986;0.000000;0.000000;0.000000;0.000000;2.000000;15.908630;-166.627274;2083.472168;0.080097;0.000000;0.000000;0.000000;0.000000;2.000000;-26.687073;251.907547;2102.488770;0.602942;0.000000;0.000000;0.000000;0.000000;2.000000;60.416626;648.041443;2067.092529;0.407378;0.000000;0.000000;0.000000;0.000000;2.000000;-71.001953;770.836304;2042.679321;0.934055;0.000000;0.000000;0.000000;0.000000;2.000000;-7.090515;-787.786255;1889.964600;0.145049;0.000000;0.000000;0.000000;0.000000;2.000000;-175.119019;-769.115295;1897.179077;0.156680;0.000000;0.000000;0.000000;0.000000;2.000000;-154.260071;-824.212402;1895.327271;0.176015;0.000000;0.000000;0.000000;0.000000;2.000000;-44.250549;-882.387146;1846.998291;0.179451;0.000000;0.000000;0.000000;0.000000;2.000000;-152.188171;-792.847473;1940.530884;0.166795;0.000000;0.000000;0.000000;0.000000;2.000000;-27.256653;-797.716492;1998.885376;0.174012;0.000000;0.000000;0.000000;0.000000;2.000000;4725233152.000000
0.000000;-150.000000;2000.000000;0.000000;0.000000;0.000000;0.000000;0.000000;2.000000;15.841003;-335.095886;1962.641968;0.126363;0.000000;0.000000;0.000000;0.000000;2.000000;24.367981;-483.472107;1933.303101;0.309708;0.000000;0.000000;0.000000;0.000000;2.000000;2.682007;-710.428772;1898.736694;0.377559;0.000000;0.000000;0.000000;0.000000;2.000000;14.769714;-668.801636;1869.902954;0.274116;0.000000;0.000000;0.000000;0.000000;2.000000;47.048279;-600.092163;1738.407593;0.061131;0.000000;0.000000;0.000000;0.000000;2.000000;96.479858;-333.728821;1625.458740;0.744776;0.000000;0.000000;0.000000;0.000000;2.000000;27.604614;-104.666031;1566.517212;0.573244;0.000000;0.000000;0.000000;0.000000;2.000000;33.726807;-63.391632;1473.139404;2.692650;0.000000;0.000000;0.000000;0.000000;2.000000;48.318909;-15.572487;1369.832764;1.844372;0.000000;0.000000;0.000000;0.000000;2.000000;40.138672;-45.324745;1438.118896;1.745889;0.000000;0.000000;0.000000;0.000000;2.000000;-0.044006;-677.312988;1939.309448;0.435926;0.000000;0.000000;0.000000;0.000000;2.000000;-45.916443;-630.311768;2062.588379;0.956355;0.000000;0.000000;0.000000;0.000000;2.000000;-3.743042;-372.169617;2207.588379;1.221729;0.000000;0.000000;0.000000;0.000000;2.000000;-73.725342;-135.941742;2246.738281;1.211866;0.000000;0.000000;0.000000;0.000000;1.000000;1.694214;-88.041443;2182.359863;1.083534;0.000000;0.000000;0.000000;0.000000;1.000000;74.337830;-39.341988;2111.104492;0.955243;0.000000;0.000000;0.000000;0.000000;1.000000;60.884766;-93.587280;2214.228027;1.121778;0.000000;0.000000;0.000000;0.000000;1.000000;-13.729980;-132.163437;1905.804199;0.128608;0.000000;0.000000;0.000000;0.000000;2.000000;-166.104797;264.786316;1909.985962;0.422838;0.000000;0.000000;0.000000;0.000000;2.000000;-125.707397;667.704895;1944.073608;1.524111;0.000000;0.000000;0.000000;0.000000;2.000000;-274.795715;771.627136;1863.042847;1.747944;0.000000;0.000000;0.000000;0.000000;2.000000;12.380981;-166.084015;2084.940430;0.115969;0.000000;0.000000;0.000000;0.000000;2.000000;-14.631592;257.746033;2092.295410;0.505779;0.000000;0.000000;0.000000;0.000000;2.000000;67.554871;658.513489;2056.790039;0.490769;0.000000;0.000000;0.000000;0.000000;2.000000;-75.782959;772.130249;2048.985352;0.240944;0.000000;0.000000;0.000000;0.000000;2.000000;-19.232178;-792.921021;1883.161377;0.445756;0.000000;0.000000;0.000000;0.000000;2.000000;-186.910034;-776.106018;1856.124268;1.300563;0.000000;0.000000;0.000000;0.000000;2.000000;-165.794434;-831.381287;1861.877808;1.084773;0.000000;0.000000;0.000000;0.000000;2.000000;-47.335999;-891.334778;1839.436157;0.364023;0.000000;0.000000;0.000000;0.000000;2.000000;-172.706665;-796.990723;1904.928467;1.240992;0.000000;0.000000;0.000000;0.000000;2.000000;-60.593689;-796.490173;1987.369995;1.060431;0.000000;0.000000;0.000000;0.000000;2.000000;4725266432.000000
0.000000;-150.000000;2000.000000;0.000000;0.000000;0.000000;0.000000;0.000000;2.000000;7.901917;-335.527008;1965.897949;0.254251;0.000000;0.000000;0.000000;0.000000;2.000000;22.596558;-483.114166;1937.897339;0.146097;0.000000;0.000000;0.000000;0.000000;2.000000;-8.303772;-706.750854;1895.245850;0.358061;0.000000;0.000000;0.000000;0.000000;2.000000;7.189392;-665.109497;1868.477661;0.253057;0.000000;0.000000;0.000000;0.000000;2.000000;45.505554;-599.154297;1737.833374;0.056065;0.000000;0.000000;0.000000;0.000000;2.000000;111.848267;-333.354095;1635.500244;0.543381;0.000000;0.000000;0.000000;0.000000;2.000000;54.066528;-101.779755;1578.224609;0.860549;0.000000;0.000000;0.000000;0.000000;2.000000;73.231384;-43.917862;1496.560547;1.476200;0.000000;0.000000;0.000000;0.000000;2.000000;91.618164;16.561836;1401.270874;1.847073;0.000000;0.000000;0.000000;0.000000;2.000000;62.624023;-13.044250;1470.559937;1.508955;0.000000;0.000000;0.000000;0.000000;2.000000;-11.432129;-674.864868;1936.521973;0.354438;0.000000;0.000000;0.000000;0.000000;2.000000;-65.684998;-634.376099;2058.121338;0.611698;0.000000;0.000000;0.000000;0.000000;2.000000;-79.144287;-375.156708;2204.456543;2.235007;0.000000;0.000000;0.000000;0.000000;2.000000;-164.643738;-144.361221;2239.156738;2.711341;0.000000;0.000000;0.000000;0.000000;1.000000;-80.271790;-91.125412;2193.482666;2.449536;0.000000;0.000000;0.000000;0.000000;1.000000;2.733948;-52.581314;2128.230469;2.213671;0.000000;0.000000;0.000000;0.000000;1.000000;-29.210876;-105.098785;2228.743652;2.721966;0.000000;0.000000;0.000000;0.000000;1.000000;-9.802185;-133.049652;1905.512939;0.119468;0.000000;0.000000;0.000000;0.000000;2.000000;-185.448547;252.484543;1905.018188;0.694135;0.000000;0.000000;0.000000;0.000000;2.000000;-192.133301;655.426758;1944.107300;1.999027;0.000000;0.000000;0.000000;0.000000;2.000000;-350.104248;749.779907;1870.299683;2.330391;0.000000;0.000000;0.000000;0.000000;2.000000;8.839111;-165.284882;2085.203125;0.107729;0.000000;0.000000;0.000000;0.000000;2.000000;-7.828979;257.470215;2075.072998;0.548037;0.000000;0.000000;0.000000;0.000000;2.000000;70.538757;658.190063;2048.912598;0.249463;0.000000;0.000000;0.000000;0.000000;2.000000;-76.314819;766.122559;2041.427856;0.286135;0.000000;0.000000;0.000000;0.000000;2.000000;-33.330261;-787.241577;1876.065186;0.496390;0.000000;0.000000;0.000000;0.000000;2.000000;-200.305359;-756.855347;1865.408203;0.746428;0.000000;0.000000;0.000000;0.000000;2.000000;-183.126953;-813.542969;1865.510498;0.743845;0.000000;0.000000;0.000000;0.000000;2.000000;-72.322083;-879.608154;1828.685181;0.876567;0.000000;0.000000;0.000000;0.000000;2.000000;-183.726990;-782.134644;1911.057861;0.576657;0.000000;0.000000;0.000000;0.000000;2.000000;-65.771362;-795.539917;1982.695679;0.208331;0.000000;0.000000;0.000000;0.000000;2.000000;4725300224.000000
0.000000;-150.000000;2000.000000;0.000000;0.000000;0.000000;0.000000;0.000000;2.000000;3.775208;-336.951477;1970.775269;0.196688;0.000000;0.000000;0.000000;0.000000;2.000000;11.426147;-486.183563;1947.024292;0.443146;0.000000;0.000000;0.000000;0.000000;2.000000;-15.316223;-711.242920;1906.067261;0.410303;0.000000;0.000000;0.000000;0.000000;2.000000;0.503357;-669.617432;1879.220703;0.403627;0.000000;0.000000;0.000000;0.000000;2.000000;43.780090;-598.473267;1752.479980;0.443618;0.000000;0.000000;0.000000;0.000000;2.000000;109.544250;-324.979187;1669.923218;1.066765;0.000000;0.000000;0.000000;0.000000;2.000000;93.095276;-86.301071;1612.465698;1.627953;0.000000;0.000000;0.000000;0.000000;2.000000;108.802429;-20.179649;1536.202148;1.752156;0.000000;0.000000;0.000000;0.000000;2.000000;143.760590;45.373325;1448.907471;2.291977;0.000000;0.000000;0.000000;0.000000;2.000000;117.921997;6.558578;1507.501587;2.083271;0.000000;0.000000;0.000000;0.000000;2.000000;-20.149048;-678.838257;1946.934204;0.425143;0.000000;0.000000;0.000000;0.000000;2.000000;-70.823364;-640.581055;2071.159668;0.460533;0.000000;0.000000;0.000000;0.000000;2.000000;-207.192566;-435.014069;2239.586914;4.376450;0.000000;0.000000;0.000000;0.000000;2.000000;-405.429749;-295.020508;2296.026123;8.704106;0.000000;0.000000;0.000000;0.000000;2.000000;-431.610901;-199.951172;2247.304688;11.169603;0.000000;0.000000;0.000000;0.000000;0.000000;-436.368469;-106.247086;2184.919922;13.401060;0.000000;0.000000;0.000000;0.000000;0.000000;-470.526917;-191.767975;2248.905762;13.527573;0.000000;0.000000;0.000000;0.000000;0.000000;-8.677979;-135.291779;1904.790161;0.078433;0.000000;0.000000;0.000000;0.000000;2.000000;-188.101685;249.228546;1922.499023;0.540214;0.000000;0.000000;0.000000;0.000000;2.000000;-227.012390;650.740845;1967.299683;1.266446;0.000000;0.000000;0.000000;0.000000;2.000000;-386.507263;732.771729;1881.692749;1.254938;0.000000;0.000000;0.000000;0.000000;2.000000;7.825378;-163.263062;2085.854980;0.070727;0.000000;0.000000;0.000000;0.000000;2.000000;9.752930;260.818939;2074.677734;0.537931;0.000000;0.000000;0.000000;0.000000;2.000000;85.516724;663.316040;2052.926514;0.490738;0.000000;0.000000;0.000000;0.000000;2.000000;-63.037964;769.337891;2041.778442;0.410611;0.000000;0.000000;0.000000;0.000000;2.000000;-38.752686;-792.475586;1887.057983;0.400485;0.000000;0.000000;0.000000;0.000000;2.000000;-202.782837;-758.045044;1855.961060;0.295637;0.000000;0.000000;0.000000;0.000000;2.000000;-187.032654;-815.262085;1857.916626;0.261741;0.000000;0.000000;0.000000;0.000000;2.000000;-73.822021;-884.028687;1834.666626;0.227987;0.000000;0.000000;0.000000;0.000000;2.000000;-192.531250;-783.855957;1903.301025;0.356353;0.000000;0.000000;0.000000;0.000000;2.000000;-84.397888;-800.218994;1989.081177;0.608142;0.000000;0.000000;0.000000;0.000000;2.000000;4725333504.000000
0.000000;-150.000000;2000.000000;0.000000;0.000000;0.000000;0.000000;0.000000;2.000000;-0.852661;-336.758301;1974.435669;0.177393;0.000000;0.000000;0.000000;0.000000;2.000000;0.706299;-486.031128;1953.818481;0.381385;0.000000;0.000000;0.000000;0.000000;2.000000;-24.158142;-711.643860;1920.636475;0.512231;0.000000;0.000000;0.000000;0.000000;2.000000;-9.423645;-670.882019;1892.291626;0.494648;0.000000;0.000000;0.000000;0.000000;1.000000;23.535522;-606.692078;1759.599976;0.690508;0.000000;0.000000;0.000000;0.000000;1.000000;103.862061;-345.229187;1657.435791;0.734972;0.000000;0.000000;0.000000;0.000000;1.000000;47.261597;-111.067276;1612.492310;1.565413;0.000000;0.000000;0.000000;0.000000;1.000000;92.200012;-47.881256;1546.617188;1.019641;0.000000;0.000000;0.000000;0.000000;1.000000;143.166870;18.770248;1469.192505;1.005403;0.000000;0.000000;0.000000;0.000000;1.000000;121.581909;-18.032082;1529.833862;1.004175;0.000000;0.000000;0.000000;0.000000;1.000000;-28.521851;-678.152588;1960.396851;0.476825;0.000000;0.000000;0.000000;0.000000;2.000000;-81.359070;-637.626831;2082.354736;0.470383;0.000000;0.000000;0.000000;0.000000;2.000000;-206.016113;-415.441223;2235.987793;0.599031;0.000000;0.000000;0.000000;0.000000;2.000000;-388.495850;-247.708939;2248.333984;2.081723;0.000000;0.000000;0.000000;0.000000;2.000000;-483.595215;-209.012436;2286.536377;1.975784;0.000000;0.000000;0.000000;0.000000;0.000000;-562.188721;-145.630371;2335.518799;6.014256;0.000000;0.000000;0.000000;0.000000;0.000000;-489.977661;-201.314560;2243.308105;0.672434;0.000000;0.000000;0.000000;0.000000;0.000000;-7.811157;-136.942123;1904.867310;0.056062;0.000000;0.000000;0.000000;0.000000;2.000000;-182.169128;247.655182;1929.463745;0.278943;0.000000;0.000000;0.000000;0.000000;2.000000;-283.478088;637.219177;1966.785767;1.744724;0.000000;0.000000;0.000000;0.000000;2.000000;-453.176025;707.385376;1892.894897;2.169854;0.000000;0.000000;0.000000;0.000000;2.000000;7.043579;-161.774857;2085.785400;0.050556;0.000000;0.000000;0.000000;0.000000;2.000000;23.757202;260.092255;2068.914063;0.455570;0.000000;0.000000;0.000000;0.000000;2.000000;103.230530;659.976807;2043.437744;0.612101;0.000000;0.000000;0.000000;0.000000;2.000000;-37.759583;774.846069;2033.792969;0.813579;0.000000;0.000000;0.000000;0.000000;2.000000;-46.942749;-793.359009;1904.734985;0.586002;0.000000;0.000000;0.000000;0.000000;2.000000;-214.770935;-769.903076;1894.264038;1.257520;0.000000;0.000000;0.000000;0.000000;2.000000;-193.392334;-821.161560;1873.941162;0.547531;0.000000;0.000000;0.000000;0.000000;2.000000;-76.427429;-861.947937;1822.978516;0.754775;0.000000;0.000000;0.000000;0.000000;2.000000;-198.562378;-809.929688;1927.782104;1.089854;0.000000;0.000000;0.000000;0.000000;2.000000;-83.698181;-843.871033;1997.198242;1.334309;0.000000;0.000000;0.000000;0.000000;2.000000;4725366784.000000
0.000000;-150.000000;2000.000000;0.000000;0.000000;0.000000;0.000000;0.000000;2.000000;-2.906982;-335.217285;1974.734863;0.077687;0.000000;0.000000;0.000000;0.000000;2.000000;1.021973;-483.216705;1954.253296;0.086095;0.000000;0.000000;0.000000;0.000000;2.000000;-30.725525;-704.683350;1912.961182;0.368612;0.000000;0.000000;0.000000;0.000000;2.000000;-14.842834;-663.706787;1886.373535;0.323454;0.000000;0.000000;0.000000;0.000000;1.000000;18.593689;-596.915283;1756.520630;0.341928;0.000000;0.000000;0.000000;0.000000;1.000000;109.349243;-343.139893;1650.591675;0.270960;0.000000;0.000000;0.000000;0.000000;1.000000;18.333984;-119.745026;1620.845825;0.941561;0.000000;0.000000;0.000000;0.000000;1.000000;61.718262;-56.961838;1554.827759;0.987027;0.000000;0.000000;0.000000;0.000000;1.000000;131.955322;-0.448517;1486.310669;0.843539;0.000000;0.000000;0.000000;0.000000;1.000000;115.837585;-37.583740;1546.400757;0.789142;0.000000;0.000000;0.000000;0.000000;1.000000;-33.991150;-672.858398;1953.625977;0.306117;0.000000;0.000000;0.000000;0.000000;2.000000;-84.415527;-636.134644;2076.512207;0.203139;0.000000;0.000000;0.000000;0.000000;2.000000;-174.414673;-418.908813;2254.769531;1.109514;0.000000;0.000000;0.000000;0.000000;1.000000;-362.853088;-263.917084;2222.405273;1.199123;0.000000;0.000000;0.000000;0.000000;1.000000;-446.580872;-214.358276;2270.759766;1.219649;0.000000;0.000000;0.000000;0.000000;0.000000;-530.672424;-158.011063;2317.033936;1.159189;0.000000;0.000000;0.000000;0.000000;0.000000;-469.266663;-214.324097;2240.962891;0.738287;0.000000;0.000000;0.000000;0.000000;0.000000;-4.432983;-137.031158;1905.436646;0.102974;0.000000;0.000000;0.000000;0.000000;2.000000;-180.293640;241.870850;1944.205200;0.479157;0.000000;0.000000;0.000000;0.000000;2.000000;-296.276672;622.569946;1992.805786;0.976190;0.000000;0.000000;0.000000;0.000000;2.000000;-459.153259;683.953369;1902.011841;0.776558;0.000000;0.000000;0.000000;0.000000;2.000000;3.997437;-161.694565;2085.271973;0.092853;0.000000;0.000000;0.000000;0.000000;2.000000;34.167725;255.837128;2065.904785;0.349826;0.000000;0.000000;0.000000;0.000000;2.000000;113.605957;652.325928;2040.769775;0.395567;0.000000;0.000000;0.000000;0.000000;2.000000;-28.741760;763.029297;2030.473633;0.457654;0.000000;0.000000;0.000000;0.000000;2.000000;-55.883911;-784.318604;1894.175659;0.496633;0.000000;0.000000;0.000000;0.000000;2.000000;-221.360718;-766.338745;1868.696655;0.800555;0.000000;0.000000;0.000000;0.000000;2.000000;-198.947754;-820.114868;1861.904053;0.399595;0.000000;0.000000;0.000000;0.000000;2.000000;-80.020996;-869.315308;1828.979248;0.305252;0.000000;0.000000;0.000000;0.000000;2.000000;-207.394287;-797.266235;1910.980103;0.685645;0.000000;0.000000;0.000000;0.000000;2.000000;-97.991699;-812.896851;1992.453857;1.034899;0.000000;0.000000;0.000000;0.000000;1.000000;4725400064.000000
0.000000;-150.000000;2000.000000;0.000000;0.000000;0.000000;0.000000;0.000000;2.000000;-3.678406;-334.144897;1969.828491;0.152677;0.000000;0.000000;0.000000;0.000000;2.000000;0.902466;-481.248352;1945.286987;0.275859;0.000000;0.000000;0.000000;0.000000;2.000000;-23.969604;-702.157166;1898.758545;0.478641;0.000000;0.000000;0.000000;0.000000;2.000000;-9.075745;-660.210632;1873.304199;0.441911;0.000000;0.000000;0.000000;0.000000;1.000000;28.040161;-592.328674;1745.323975;0.461253;0.000000;0.000000;0.000000;0.000000;1.000000;113.776428;-335.380615;1644.324341;0.327904;0.000000;0.000000;0.000000;0.000000;1.000000;-1.925720;-123.405624;1620.822144;0.618623;0.000000;0.000000;0.000000;0.000000;1.000000;37.281982;-59.446701;1553.593750;0.738981;0.000000;0.000000;0.000000;0.000000;1.000000;123.070435;-5.295311;1503.734741;0.605475;0.000000;0.000000;0.000000;0.000000;1.000000;109.232239;-49.567162;1558.957397;0.558039;0.000000;0.000000;0.000000;0.000000;1.000000;-28.515808;-671.434204;1940.031128;0.442460;0.000000;0.000000;0.000000;0.000000;1.000000;-81.441101;-638.111694;2062.571533;0.432419;0.000000;0.000000;0.000000;0.000000;1.000000;-162.082214;-425.913940;2250.281982;0.446999;0.000000;0.000000;0.000000;0.000000;1.000000;-348.950256;-270.935181;2212.405273;0.556127;0.000000;0.000000;0.000000;0.000000;1.000000;-428.301331;-218.582077;2264.625488;0.593106;0.000000;0.000000;0.000000;0.000000;0.000000;-513.454895;-165.059021;2311.845215;0.580356;0.000000;0.000000;0.000000;0.000000;0.000000;-454.838562;-220.996170;2239.426514;0.479874;0.000000;0.000000;0.000000;0.000000;0.000000;-5.487244;-134.495346;1906.039917;0.084487;0.000000;0.000000;0.000000;0.000000;2.000000;-184.565735;240.619995;1957.195557;0.412617;0.000000;0.000000;0.000000;0.000000;2.000000;-326.482605;610.967041;2011.059082;1.116321;0.000000;0.000000;0.000000;0.000000;2.000000;-496.172546;664.547668;1928.940552;1.494016;0.000000;0.000000;0.000000;0.000000;2.000000;4.948059;-163.981232;2084.727783;0.076186;0.000000;0.000000;0.000000;0.000000;2.000000;39.593689;252.577576;2067.447266;0.195763;0.000000;0.000000;0.000000;0.000000;2.000000;126.205444;646.668701;2039.566284;0.416575;0.000000;0.000000;0.000000;0.000000;2.000000;-9.087341;765.350220;2028.446289;0.597793;0.000000;0.000000;0.000000;0.000000;2.000000;-46.590881;-781.898193;1877.966553;0.566112;0.000000;0.000000;0.000000;0.000000;2.000000;-213.605713;-762.897949;1879.846924;0.421003;0.000000;0.000000;0.000000;0.000000;2.000000;-192.999329;-817.603699;1876.486938;0.479218;0.000000;0.000000;0.000000;0.000000;2.000000;-82.218018;-873.858765;1830.107178;0.155387;0.000000;0.000000;0.000000;0.000000;2.000000;-192.480286;-788.340759;1922.693604;0.629791;0.000000;0.000000;0.000000;0.000000;2.000000;-70.577820;-796.142151;1984.870117;0.991930;0.000000;0.000000;0.000000;0.000000;1.000000;4725433344.000000
0.000000;-150.000000;2000.000000;0.000000;0.000000;0.000000;0.000000;0.000000;2.000000;-5.835022;-335.733490;1973.688843;0.141184;0.000000;0.000000;0.000000;0.000000;2.000000;-9.742188;-484.230316;1952.584229;0.398010;0.000000;0.000000;0.000000;0.000000;2.000000;-27.952881;-709.665405;1920.816162;0.710291;0.000000;0.000000;0.000000;0.000000;2.000000;-12.101746;-669.135132;1893.162231;0.660473;0.000000;0.000000;0.000000;0.000000;2.000000;37.747742;-617.771606;1760.905762;0.942750;0.000000;0.000000;0.000000;0.000000;2.000000;164.275269;-356.265350;1750.181274;3.579632;0.000000;0.000000;0.000000;0.000000;2.000000;188.371643;-113.862000;1764.035889;7.162187;0.000000;0.000000;0.000000;0.000000;2.000000;268.326233;-53.666855;1748.381348;9.082130;0.000000;0.000000;0.000000;0.000000;2.000000;335.664124;35.125320;1725.963013;9.320491;0.000000;0.000000;0.000000;0.000000;2.000000;281.953064;-35.673660;1715.250977;7.011781;0.000000;0.000000;0.000000;0.000000;2.000000;-35.672913;-675.952881;1959.568359;0.639781;0.000000;0.000000;0.000000;0.000000;2.000000;-89.634277;-637.290405;2080.947754;0.605070;0.000000;0.000000;0.000000;0.000000;2.000000;-182.935120;-389.717468;2214.140381;1.659798;0.000000;0.000000;0.000000;0.000000;1.000000;-339.298157;-198.522766;2207.514404;2.200012;0.000000;0.000000;0.000000;0.000000;1.000000;-433.003723;-201.634003;2263.243652;0.530124;0.000000;0.000000;0.000000;0.000000;0.000000;-522.964417;-173.742599;2323.351074;0.518902;0.000000;0.000000;0.000000;0.000000;0.000000;-452.166565;-212.438599;2230.117676;0.388337;0.000000;0.000000;0.000000;0.000000;0.000000;-8.536499;-136.336563;1905.441528;0.108532;0.000000;0.000000;0.000000;0.000000;2.000000;-189.109131;239.634369;1963.758301;0.241665;0.000000;0.000000;0.000000;0.000000;2.000000;-330.262268;612.020874;2022.037476;0.350317;0.000000;0.000000;0.000000;0.000000;2.000000;-503.580261;675.190552;1952.686035;0.812962;0.000000;0.000000;0.000000;0.000000;2.000000;7.697693;-162.320923;2085.267578;0.097869;0.000000;0.000000;0.000000;0.000000;2.000000;51.943909;255.570313;2065.541016;0.386113;0.000000;0.000000;0.000000;0.000000;2.000000;145.384949;650.109009;2033.502319;0.613202;0.000000;0.000000;0.000000;0.000000;2.000000;10.187134;770.490112;2023.153198;0.620142;0.000000;0.000000;0.000000;0.000000;2.000000;-47.961121;-791.627563;1904.497437;0.850114;0.000000;0.000000;0.000000;0.000000;2.000000;-208.087708;-747.462646;1873.131226;0.532282;0.000000;0.000000;0.000000;0.000000;2.000000;-192.740051;-803.040039;1861.188843;0.634718;0.000000;0.000000;0.000000;0.000000;2.000000;-79.292114;-865.044067;1828.474487;0.283354;0.000000;0.000000;0.000000;0.000000;2.000000;-201.181274;-784.600342;1912.314819;0.422191;0.000000;0.000000;0.000000;0.000000;2.000000;-100.008057;-824.521484;1996.977051;1.281227;0.000000;0.000000;0.000000;0.000000;2.000000;4725466624.000000
0.000000;-150.000000;2000.000000;0.000000;0.000000;0.000000;0.000000;0.000000;2.000000;-0.613831;-337.208618;1978.061401;0.209382;0.000000;0.000000;0.000000;0.000000;2.000000;-8.059570;-486.910095;1962.528687;0.313574;0.000000;0.000000;0.000000;0.000000;2.000000;-32.808655;-713.354980;1935.613281;0.480907;0.000000;0.000000;0.000000;0.000000;2.000000;-18.958130;-673.265198;1905.902344;0.452099;0.000000;0.000000;0.000000;0.000000;2.000000;31.641968;-617.110840;1775.145386;0.465972;0.000000;0.000000;0.000000;0.000000;2.000000;164.441772;-357.149963;1780.370117;0.907520;0.000000;0.000000;0.000000;0.000000;2.000000;204.198364;-115.366425;1783.273071;0.749889;0.000000;0.000000;0.000000;0.000000;2.000000;270.279083;-39.738991;1799.523926;1.593784;0.000000;0.000000;0.000000;0.000000;2.000000;319.142059;62.497341;1813.424561;2.798141;0.000000;0.000000;0.000000;0.000000;2.000000;283.632568;-9.423378;1778.870361;2.068592;0.000000;0.000000;0.000000;0.000000;2.000000;-36.314819;-678.897583;1974.621704;0.461301;0.000000;0.000000;0.000000;0.000000;1.000000;-81.638245;-629.493896;2096.320801;0.570955;0.000000;0.000000;0.000000;0.000000;1.000000;-176.549133;-372.796509;2212.927002;0.544668;0.000000;0.000000;0.000000;0.000000;1.000000;-321.116394;-172.174866;2233.648926;1.241753;0.000000;0.000000;0.000000;0.000000;1.000000;-419.695129;-189.046982;2278.335449;0.713168;0.000000;0.000000;0.000000;0.000000;0.000000;-516.084290;-176.444901;2334.392090;0.399247;0.000000;0.000000;0.000000;0.000000;0.000000;-438.156555;-208.537186;2239.860107;0.525984;0.000000;0.000000;0.000000;0.000000;0.000000;-26.581909;-139.136581;1908.043091;0.554259;0.000000;0.000000;0.000000;0.000000;2.000000;-203.073853;238.463150;1979.937866;0.643172;0.000000;0.000000;0.000000;0.000000;2.000000;-322.330505;618.864990;2046.793457;0.807736;0.000000;0.000000;0.000000;0.000000;2.000000;-503.726624;683.738586;2001.374878;1.485389;0.000000;0.000000;0.000000;0.000000;2.000000;23.970154;-159.796005;2082.921387;0.499804;0.000000;0.000000;0.000000;0.000000;2.000000;51.325256;261.794647;2088.209229;0.706592;0.000000;0.000000;0.000000;0.000000;2.000000;160.403442;652.172363;2037.608887;0.471933;0.000000;0.000000;0.000000;0.000000;2.000000;27.211731;776.340942;2039.712891;0.734977;0.000000;0.000000;0.000000;0.000000;2.000000;-55.643433;-795.517090;1922.330078;0.595035;0.000000;0.000000;0.000000;0.000000;2.000000;-206.539856;-724.850159;1889.784912;0.845129;0.000000;0.000000;0.000000;0.000000;2.000000;-200.499023;-782.378784;1877.494263;0.824520;0.000000;0.000000;0.000000;0.000000;2.000000;-98.176392;-862.521851;1845.143311;0.760654;0.000000;0.000000;0.000000;0.000000;2.000000;-206.283630;-763.024841;1928.907715;0.832099;0.000000;0.000000;0.000000;0.000000;2.000000;-113.585144;-819.976196;2014.497925;0.679896;0.000000;0.000000;0.000000;0.000000;2.000000;4725499904.000000
0.000000;-150.000000;2000.000000;0.000000;0.000000;0.000000;0.000000;0.000000;2.000000;-3.846252;-338.635712;1981.919922;0.157210;0.000000;0.000000;0.000000;0.000000;2.000000;-10.960449;-489.411926;1968.635864;0.216621;0.000000;0.000000;0.000000;0.000000;2.000000;-36.833618;-716.528076;1937.813599;0.167598;0.000000;0.000000;0.000000;0.000000;2.000000;-22.836304;-675.772095;1908.578247;0.160371;0.000000;0.000000;0.000000;0.000000;2.000000;22.930603;-619.345459;1775.210449;0.270242;0.000000;0.000000;0.000000;0.000000;2.000000;166.244690;-363.378540;1786.858765;0.275638;0.000000;0.000000;0.000000;0.000000;2.000000;203.917786;-119.879425;1789.521606;0.231760;0.000000;0.000000;0.000000;0.000000;2.000000;266.700531;-44.583771;1818.755493;0.605550;0.000000;0.000000;0.000000;0.000000;2.000000;311.480896;57.338234;1846.775146;1.039842;0.000000;0.000000;0.000000;0.000000;2.000000;277.447510;-9.324417;1812.806641;1.036522;0.000000;0.000000;0.000000;0.000000;2.000000;-40.103088;-682.531982;1977.628174;0.181781;0.000000;0.000000;0.000000;0.000000;1.000000;-85.167297;-635.232788;2101.131104;0.248743;0.000000;0.000000;0.000000;0.000000;1.000000;-168.187012;-375.752930;2224.678223;0.442388;0.000000;0.000000;0.000000;0.000000;1.000000;-307.364197;-169.519684;2243.723145;0.518417;0.000000;0.000000;0.000000;0.000000;1.000000;-410.860291;-185.630646;2277.813965;0.285057;0.000000;0.000000;0.000000;0.000000;0.000000;-512.445984;-172.896759;2325.255371;0.314151;0.000000;0.000000;0.000000;0.000000;0.000000;-425.141907;-205.496582;2231.114746;0.479931;0.000000;0.000000;0.000000;0.000000;0.000000;-26.762939;-140.576660;1907.376221;0.047995;0.000000;0.000000;0.000000;0.000000;2.000000;-194.599243;242.436325;1985.014282;0.319945;0.000000;0.000000;0.000000;0.000000;2.000000;-303.797913;628.089050;2052.600586;0.646043;0.000000;0.000000;0.000000;0.000000;2.000000;-484.875183;707.475525;2029.756226;1.247744;0.000000;0.000000;0.000000;0.000000;2.000000;24.133301;-158.497452;2083.522949;0.043281;0.000000;0.000000;0.000000;0.000000;2.000000;57.279297;265.024750;2089.591797;0.207736;0.000000;0.000000;0.000000;0.000000;2.000000;174.649963;653.814270;2028.097656;0.517074;0.000000;0.000000;0.000000;0.000000;2.000000;48.673035;786.709351;2029.097900;0.784001;0.000000;0.000000;0.000000;0.000000;2.000000;-60.163818;-798.819458;1923.136841;0.169952;0.000000;0.000000;0.000000;0.000000;2.000000;-212.560913;-722.122681;1917.053223;0.843090;0.000000;0.000000;0.000000;0.000000;2.000000;-209.097473;-777.315796;1895.194092;0.610539;0.000000;0.000000;0.000000;0.000000;2.000000;-111.761780;-852.597107;1840.439697;0.524928;0.000000;0.000000;0.000000;0.000000;2.000000;-209.483643;-766.285767;1949.633057;0.637709;0.000000;0.000000;0.000000;0.000000;2.000000;-109.902954;-837.347534;2016.039673;0.535580;0.000000;0.000000;0.000000;0.000000;2.000000;4725533184.000000
0.000000;-150.000000;2000.000000;0.000000;0.000000;0.000000;0.000000;0.000000;2.000000;-4.823181;-340.869507;1985.651978;0.133950;0.000000;0.000000;0.000000;0.000000;2.000000;-9.572510;-493.465332;1974.589600;0.220405;0.000000;0.000000;0.000000;0.000000;2.000000;-40.746094;-722.712097;1946.948242;0.351693;0.000000;0.000000;0.000000;0.000000;2.000000;-31.027283;-681.470459;1915.773926;0.369654;0.000000;0.000000;0.000000;0.000000;2.000000;5.754211;-625.095886;1777.909546;0.550283;0.000000;0.000000;0.000000;0.000000;2.000000;155.142212;-368.907013;1780.754028;0.415378;0.000000;0.000000;0.000000;0.000000;2.000000;207.482300;-125.573685;1783.946777;0.262313;0.000000;0.000000;0.000000;0.000000;2.000000;259.182770;-50.707062;1832.956421;0.516685;0.000000;0.000000;0.000000;0.000000;2.000000;316.088989;39.455044;1878.570557;1.104851;0.000000;0.000000;0.000000;0.000000;2.000000;261.338501;-10.440132;1838.743042;0.918037;0.000000;0.000000;0.000000;0.000000;2.000000;-37.929626;-688.507690;1987.322388;0.348364;0.000000;0.000000;0.000000;0.000000;2.000000;-52.588562;-649.406738;2122.143311;1.240293;0.000000;0.000000;0.000000;0.000000;2.000000;-124.877625;-390.054199;2259.357422;1.721646;0.000000;0.000000;0.000000;0.000000;1.000000;-277.004578;-191.495789;2290.522949;1.801602;0.000000;0.000000;0.000000;0.000000;1.000000;-387.857605;-182.892334;2286.153564;0.739800;0.000000;0.000000;0.000000;0.000000;0.000000;-496.428894;-156.069366;2308.195801;0.866061;0.000000;0.000000;0.000000;0.000000;0.000000;-399.862244;-205.075317;2228.816650;0.762843;0.000000;0.000000;0.000000;0.000000;0.000000;-40.572998;-142.305634;1911.281860;0.434360;0.000000;0.000000;0.000000;0.000000;2.000000;-188.056519;252.783264;1993.445679;0.446651;0.000000;0.000000;0.000000;0.000000;2.000000;-279.002502;648.343811;2055.591797;0.966229;0.000000;0.000000;0.000000;0.000000;2.000000;-453.304626;738.769043;2098.785645;2.467063;0.000000;0.000000;0.000000;0.000000;2.000000;36.586487;-156.938354;2080.000977;0.391683;0.000000;0.000000;0.000000;0.000000;2.000000;67.325623;270.897095;2094.571289;0.380329;0.000000;0.000000;0.000000;0.000000;2.000000;190.228699;660.242859;2020.598999;0.554266;0.000000;0.000000;0.000000;0.000000;2.000000;66.479919;797.280701;2031.795410;0.627505;0.000000;0.000000;0.000000;0.000000;2.000000;-66.509033;-805.726868;1935.523193;0.466854;0.000000;0.000000;0.000000;0.000000;2.000000;-232.047180;-771.371033;1969.545166;2.240652;0.000000;0.000000;0.000000;0.000000;2.000000;-220.515137;-819.359802;1935.302490;1.779380;0.000000;0.000000;0.000000;0.000000;2.000000;-120.520081;-855.837524;1850.560913;0.413799;0.000000;0.000000;0.000000;0.000000;2.000000;-212.518616;-818.787598;1990.838867;2.007511;0.000000;0.000000;0.000000;0.000000;2.000000;-87.106995;-872.647949;2024.653564;1.288910;0.000000;0.000000;0.000000;0.000000;2.000000;4725566464.000000
0.000000;-150.000000;2000.000000;0.000000;0.000000;0.000000;0.000000;0.000000;2.000000;-8.485718;-341.849640;1991.417969;0.204215;0.000000;0.000000;0.000000;0.000000;2.000000;-10.930969;-495.255188;1982.610718;0.246505;0.000000;0.000000;0.000000;0.000000;2.000000;-42.085510;-724.760620;1949.770874;0.110559;0.000000;0.000000;0.000000;0.000000;2.000000;-35.511963;-682.208008;1919.189087;0.168236;0.000000;0.000000;0.000000;0.000000;2.000000;-15.243835;-623.349243;1778.300293;0.623644;0.000000;0.000000;0.000000;0.000000;2.000000;126.935425;-362.219238;1762.378540;1.015688;0.000000;0.000000;0.000000;0.000000;2.000000;213.390076;-127.817719;1756.447998;0.834979;0.000000;0.000000;0.000000;0.000000;2.000000;258.077454;-57.412491;1818.181274;0.481272;0.000000;0.000000;0.000000;0.000000;2.000000;315.010193;35.292072;1859.650391;0.574182;0.000000;0.000000;0.000000;0.000000;2.000000;265.219269;-14.802635;1821.223145;0.546497;0.000000;0.000000;0.000000;0.000000;2.000000;-36.120850;-691.754822;1991.066284;0.156121;0.000000;0.000000;0.000000;0.000000;2.000000;-35.915344;-661.636658;2129.528320;0.649766;0.000000;0.000000;0.000000;0.000000;2.000000;-106.044678;-407.137268;2279.046387;0.951659;0.000000;0.000000;0.000000;0.000000;1.000000;-264.690002;-215.988617;2327.406250;1.359958;0.000000;0.000000;0.000000;0.000000;1.000000;-366.814026;-183.119263;2296.256836;0.690825;0.000000;0.000000;0.000000;0.000000;0.000000;-476.437317;-150.269882;2296.518555;0.706305;0.000000;0.000000;0.000000;0.000000;0.000000;-376.565369;-209.780670;2227.019531;0.705349;0.000000;0.000000;0.000000;0.000000;0.000000;-40.105347;-144.222336;1910.497925;0.062825;0.000000;0.000000;0.000000;0.000000;2.000000;-186.114441;250.973267;2003.060547;0.295178;0.000000;0.000000;0.000000;0.000000;2.000000;-259.490295;651.608093;2066.703369;0.671469;0.000000;0.000000;0.000000;0.000000;2.000000;-438.489807;743.148010;2084.727783;0.618113;0.000000;0.000000;0.000000;0.000000;2.000000;36.164734;-155.209961;2080.708008;0.056654;0.000000;0.000000;0.000000;0.000000;2.000000;69.210510;274.294861;2090.676270;0.162811;0.000000;0.000000;0.000000;0.000000;2.000000;201.380798;662.182861;2015.770752;0.364178;0.000000;0.000000;0.000000;0.000000;2.000000;76.582581;799.366455;2025.608521;0.355966;0.000000;0.000000;0.000000;0.000000;2.000000;-67.966797;-808.017456;1937.716309;0.103285;0.000000;0.000000;0.000000;0.000000;2.000000;-233.870117;-784.827271;1981.483887;0.535071;0.000000;0.000000;0.000000;0.000000;2.000000;-221.453003;-830.327759;1943.897949;0.413302;0.000000;0.000000;0.000000;0.000000;2.000000;-123.587891;-856.548828;1852.285278;0.106249;0.000000;0.000000;0.000000;0.000000;2.000000;-210.713379;-832.354858;1999.162476;0.474050;0.000000;0.000000;0.000000;0.000000;2.000000;-80.567261;-881.053833;2024.064941;0.315651;0.000000;0.000000;0.000000;0.000000;2.000000;4725600256.000000
0.000000;-150.000000;2000.000000;0.000000;0.000000;0.000000;0.000000;0.000000;2.000000;-8.661926;-341.233612;1989.628296;0.057119;0.000000;0.000000;0.000000;0.000000;2.000000;-8.169128;-494.042633;1977.847900;0.169399;0.000000;0.000000;0.000000;0.000000;2.000000;-34.199097;-722.429321;1937.985107;0.431830;0.000000;0.000000;0.000000;0.000000;2.000000;-30.411255;-678.724365;1908.835815;0.362255;0.000000;0.000000;0.000000;0.000000;2.000000;-18.825745;-615.580933;1769.280273;0.373537;0.000000;0.000000;0.000000;0.000000;2.000000;119.678467;-353.596252;1750.296753;0.496466;0.000000;0.000000;0.000000;0.000000;2.000000;207.940247;-120.637115;1742.733765;0.493138;0.000000;0.000000;0.000000;0.000000;2.000000;235.585144;-34.288208;1792.598755;1.237128;0.000000;0.000000;0.000000;0.000000;2.000000;271.188904;67.998817;1834.454224;1.809105;0.000000;0.000000;0.000000;0.000000;2.000000;244.235718;4.062088;1789.641602;1.272557;0.000000;0.000000;0.000000;0.000000;2.000000;-27.150574;-690.870361;1980.049072;0.427726;0.000000;0.000000;0.000000;0.000000;2.000000;-17.795898;-674.206177;2120.068848;0.721022;0.000000;0.000000;0.000000;0.000000;2.000000;3.418884;-420.129242;2282.988281;3.314372;0.000000;0.000000;0.000000;0.000000;2.000000;-42.040466;-196.865936;2391.555176;6.986005;0.000000;0.000000;0.000000;0.000000;2.000000;-60.136230;-119.492432;2469.649414;10.757237;0.000000;0.000000;0.000000;0.000000;0.000000;-76.372131;-28.925316;2537.176270;14.494664;0.000000;0.000000;0.000000;0.000000;0.000000;-26.592285;-81.956039;2361.880859;11.906316;0.000000;0.000000;0.000000;0.000000;0.000000;-41.657898;-143.316864;1911.567017;0.062837;0.000000;0.000000;0.000000;0.000000;2.000000;-187.680542;248.324036;2013.344238;0.322545;0.000000;0.000000;0.000000;0.000000;2.000000;-246.494934;650.115234;2077.625000;0.512044;0.000000;0.000000;0.000000;0.000000;2.000000;-424.537292;741.108032;2101.011963;0.647261;0.000000;0.000000;0.000000;0.000000;2.000000;37.564697;-156.026459;2079.744141;0.056660;0.000000;0.000000;0.000000;0.000000;2.000000;73.515320;272.088623;2089.271729;0.151353;0.000000;0.000000;0.000000;0.000000;2.000000;212.597107;655.408447;2009.745972;0.433356;0.000000;0.000000;0.000000;0.000000;2.000000;84.082825;788.032715;2023.880615;0.411662;0.000000;0.000000;0.000000;0.000000;2.000000;-58.164612;-805.723022;1924.095581;0.508933;0.000000;0.000000;0.000000;0.000000;2.000000;-216.624023;-782.648438;1988.702148;0.565573;0.000000;0.000000;0.000000;0.000000;2.000000;-209.362976;-827.442383;1949.225952;0.406352;0.000000;0.000000;0.000000;0.000000;2.000000;-124.266052;-852.460083;1845.832886;0.230434;0.000000;0.000000;0.000000;0.000000;2.000000;-191.779968;-830.431519;2002.502686;0.580582;0.000000;0.000000;0.000000;0.000000;2.000000;-60.189941;-879.942871;2009.925049;0.746019;0.000000;0.000000;0.000000;0.000000;2.000000;4725633536.000000
0.000000;-150.000000;2000.000000;0.000000;0.000000;0.000000;0.000000;0.000000;2.000000;-8.963562;-340.743896;1987.767212;0.058532;0.000000;0.000000;0.000000;0.000000;2.000000;-8.257141;-493.106873;1974.153687;0.114540;0.000000;0.000000;0.000000;0.000000;2.000000;-36.923828;-720.533020;1933.217651;0.174560;0.000000;0.000000;0.000000;0.000000;2.000000;-33.417542;-676.719299;1904.378906;0.172409;0.000000;0.000000;0.000000;0.000000;2.000000;-25.002625;-616.091187;1763.806030;0.248477;0.000000;0.000000;0.000000;0.000000;2.000000;96.993652;-350.128052;1716.634888;1.224160;0.000000;0.000000;0.000000;0.000000;2.000000;176.772339;-116.697540;1684.592163;1.985767;0.000000;0.000000;0.000000;0.000000;2.000000;151.644836;-31.061852;1736.566284;3.034115;0.000000;0.000000;0.000000;0.000000;2.000000;145.078613;39.345676;1828.384399;3.890228;0.000000;0.000000;0.000000;0.000000;2.000000;133.879700;-45.772614;1817.403564;3.732822;0.000000;0.000000;0.000000;0.000000;2.000000;-28.734558;-689.415588;1975.276855;0.157285;0.000000;0.000000;0.000000;0.000000;2.000000;-19.162659;-665.305115;2113.919922;0.327657;0.000000;0.000000;0.000000;0.000000;2.000000;9.635925;-403.481201;2261.631592;0.834838;0.000000;0.000000;0.000000;0.000000;2.000000;-36.828796;-173.683319;2353.782227;1.340896;0.000000;0.000000;0.000000;0.000000;2.000000;-47.055603;-81.145676;2414.591553;2.054055;0.000000;0.000000;0.000000;0.000000;0.000000;-52.736572;18.493172;2469.511475;2.582330;0.000000;0.000000;0.000000;0.000000;0.000000;-9.342224;-58.642609;2365.551514;0.878388;0.000000;0.000000;0.000000;0.000000;0.000000;-42.790771;-142.370850;1912.394653;0.050845;0.000000;0.000000;0.000000;0.000000;2.000000;-191.499146;245.024704;2022.716675;0.319853;0.000000;0.000000;0.000000;0.000000;2.000000;-240.463745;647.188416;2087.921875;0.369197;0.000000;0.000000;0.000000;0.000000;2.000000;-415.698730;741.368164;2116.110840;0.525767;0.000000;0.000000;0.000000;0.000000;2.000000;38.586243;-156.879532;2078.997559;0.045853;0.000000;0.000000;0.000000;0.000000;2.000000;77.518921;270.158936;2088.278076;0.136842;0.000000;0.000000;0.000000;0.000000;2.000000;219.232361;652.327393;2012.049927;0.230466;0.000000;0.000000;0.000000;0.000000;2.000000;92.867065;787.056213;2019.430908;0.297334;0.000000;0.000000;0.000000;0.000000;2.000000;-61.805786;-803.367371;1919.246704;0.195472;0.000000;0.000000;0.000000;0.000000;2.000000;-211.599182;-775.913391;1999.935669;0.421533;0.000000;0.000000;0.000000;0.000000;2.000000;-209.471191;-821.510925;1960.946167;0.394715;0.000000;0.000000;0.000000;0.000000;2.000000;-136.689941;-850.174316;1849.733521;0.397263;0.000000;0.000000;0.000000;0.000000;2.000000;-186.314941;-823.821045;2011.965332;0.383754;0.000000;0.000000;0.000000;0.000000;2.000000;-55.854858;-875.723755;2006.192261;0.213590;0.000000;0.000000;0.000000;0.000000;2.000000;4725666816.000000
0.000000;-150.000000;2000.000000;0.000000;0.000000;0.000000;0.000000;0.000000;2.000000;-0.909973;-338.588318;1970.783447;0.568501;0.000000;0.000000;0.000000;0.000000;2.000000;4.721375;-488.612610;1943.620361;1.006016;0.000000;0.000000;0.000000;0.000000;2.000000;-45.244812;-712.980713;1910.508667;0.761334;0.000000;0.000000;0.000000;0.000000;2.000000;-42.521790;-669.823364;1880.859863;0.785622;0.000000;0.000000;0.000000;0.000000;2.000000;-55.831299;-600.864014;1745.026367;1.177237;0.000000;0.000000;0.000000;0.000000;2.000000;65.948303;-334.936646;1702.208252;1.125388;0.000000;0.000000;0.000000;0.000000;2.000000;-7.092224;-114.690582;1790.022705;6.368903;0.000000;0.000000;0.000000;0.000000;2.000000;-9.847534;-61.728256;1878.324951;6.522283;0.000000;0.000000;0.000000;0.000000;2.000000;11.505432;3.862968;1971.071167;5.968938;0.000000;0.000000;0.000000;0.000000;2.000000;-2.034302;-28.837219;1902.267700;4.841504;0.000000;0.000000;0.000000;0.000000;2.000000;-29.322327;-682.379822;1950.503662;0.774027;0.000000;0.000000;0.000000;0.000000;2.000000;-16.945984;-650.748840;2087.018066;0.921506;0.000000;0.000000;0.000000;0.000000;2.000000;3.709595;-395.908813;2246.230469;0.545567;0.000000;0.000000;0.000000;0.000000;2.000000;-88.419556;-178.919083;2333.124268;1.677256;0.000000;0.000000;0.000000;0.000000;2.000000;-73.001892;-107.102783;2416.220703;1.103888;0.000000;0.000000;0.000000;0.000000;0.000000;-75.148499;6.014465;2426.602051;1.502173;0.000000;0.000000;0.000000;0.000000;0.000000;-68.561584;-51.775635;2321.821045;2.221616;0.000000;0.000000;0.000000;0.000000;0.000000;-50.757263;-137.009537;1917.729492;0.330077;0.000000;0.000000;0.000000;0.000000;2.000000;-209.478516;241.306244;2040.498535;0.768009;0.000000;0.000000;0.000000;0.000000;2.000000;-243.528015;644.540833;2101.643799;0.429898;0.000000;0.000000;0.000000;0.000000;2.000000;-408.575134;747.573425;2149.627686;1.046359;0.000000;0.000000;0.000000;0.000000;2.000000;45.770020;-161.714066;2074.187012;0.297644;0.000000;0.000000;0.000000;0.000000;2.000000;66.948303;264.948059;2096.635742;0.434132;0.000000;0.000000;0.000000;0.000000;2.000000;213.088745;640.307739;2002.897705;0.490050;0.000000;0.000000;0.000000;0.000000;2.000000;98.833618;784.567139;2014.263672;0.248684;0.000000;0.000000;0.000000;0.000000;2.000000;-77.553223;-793.644592;1901.298096;0.774673;0.000000;0.000000;0.000000;0.000000;2.000000;-199.121399;-745.957703;2013.069824;1.051916;0.000000;0.000000;0.000000;0.000000;2.000000;-206.229919;-798.850403;1985.928589;1.018149;0.000000;0.000000;0.000000;0.000000;2.000000;-166.826965;-852.578369;1867.817993;1.058558;0.000000;0.000000;0.000000;0.000000;2.000000;-169.630920;-790.544861;2027.394897;1.210804;0.000000;0.000000;0.000000;0.000000;2.000000;-44.455627;-845.302246;1996.160034;1.021659;0.000000;0.000000;0.000000;0.000000;2.000000;4725700096.000000
